# BRON: KONINKLIJK NEDERLANDS METEOROLOGISCH INSTITUUT (KNMI)
# Opmerking: door stationsverplaatsingen en veranderingen in waarneemmethodieken zijn deze tijdreeksen van dagwaarden mogelijk inhomogeen! Dat betekent dat deze reeks van gemeten waarden niet geschikt is voor trendanalyse. Voor studies naar klimaatverandering verwijzen we naar de gehomogeniseerde reeks maandtemperaturen van De Bilt <http://www.knmi.nl/kennis-en-datacentrum/achtergrond/gehomogeniseerde-reeks-maandtemperaturen-de-bilt> of de Centraal Nederland Temperatuur <http://www.knmi.nl/kennis-en-datacentrum/achtergrond/centraal-nederland-temperatuur-cnt>.
# 
# 
# STN      LON(east)   LAT(north)     ALT(m)  NAME
# 240:         4.790       52.318      -3.30  SCHIPHOL
# 
# YYYYMMDD = Datum (YYYY=jaar MM=maand DD=dag); 
# TG       = Etmaalgemiddelde temperatuur (in 0.1 graden Celsius); 
# UG       = Etmaalgemiddelde relatieve vochtigheid (in procenten); 
# 
# STN,YYYYMMDD,   TG,   UG
# 
  240,20090401,   94,   83
  240,20090402,  115,   73
  240,20090403,  122,   74
  240,20090404,   90,   88
  240,20090405,   91,   82
  240,20090406,  125,   72
  240,20090407,  105,   77
  240,20090408,   86,   86
  240,20090409,  106,   88
  240,20090410,  170,   64
  240,20090411,  158,   66
  240,20090412,  135,   80
  240,20090413,   97,   87
  240,20090414,  124,   77
  240,20090415,  168,   65
  240,20090416,  141,   77
  240,20090417,  119,   78
  240,20090418,  119,   63
  240,20090419,  125,   72
  240,20090420,  133,   74
  240,20090421,  109,   79
  240,20090422,   95,   74
  240,20090423,   93,   76
  240,20090424,  132,   62
  240,20090425,  137,   60
  240,20090426,  122,   87
  240,20090427,  118,   75
  240,20090428,   96,   82
  240,20090429,  111,   74
  240,20090430,  131,   68
  240,20090501,  138,   72
  240,20090502,  122,   80
  240,20090503,   97,   81
  240,20090504,  101,   70
  240,20090505,  119,   86
  240,20090506,  127,   81
  240,20090507,  128,   77
  240,20090508,  119,   73
  240,20090509,  118,   67
  240,20090510,  137,   60
  240,20090511,  114,   68
  240,20090512,  134,   52
  240,20090513,  158,   54
  240,20090514,  153,   65
  240,20090515,  133,   87
  240,20090516,  124,   78
  240,20090517,  125,   84
  240,20090518,  136,   73
  240,20090519,  135,   73
  240,20090520,  141,   69
  240,20090521,  139,   72
  240,20090522,  135,   75
  240,20090523,  163,   69
  240,20090524,  154,   70
  240,20090525,  176,   72
  240,20090526,  133,   90
  240,20090527,  123,   78
  240,20090528,  149,   78
  240,20090529,  153,   63
  240,20090530,  167,   62
  240,20090531,  187,   67
  240,20090601,  187,   68
  240,20090602,  158,   68
  240,20090603,  124,   65
  240,20090604,  103,   72
  240,20090605,  102,   73
  240,20090606,  126,   63
  240,20090607,  118,   81
  240,20090608,  140,   74
  240,20090609,  150,   77
  240,20090610,  141,   81
  240,20090611,  129,   82
  240,20090612,  131,   72
  240,20090613,  156,   68
  240,20090614,  170,   77
  240,20090615,  159,   72
  240,20090616,  145,   79
  240,20090617,  176,   65
  240,20090618,  166,   67
  240,20090619,  153,   67
  240,20090620,  144,   70
  240,20090621,  138,   70
  240,20090622,  143,   69
  240,20090623,  164,   66
  240,20090624,  181,   71
  240,20090625,  204,   64
  240,20090626,  201,   77
  240,20090627,  196,   86
  240,20090628,  190,   91
  240,20090629,  196,   82
  240,20090630,  199,   78
  240,20090701,  212,   72
  240,20090702,  235,   68
  240,20090703,  215,   73
  240,20090704,  200,   68
  240,20090705,  205,   69
  240,20090706,  186,   66
  240,20090707,  167,   79
  240,20090708,  157,   79
  240,20090709,  157,   67
  240,20090710,  149,   75
  240,20090711,  165,   73
  240,20090712,  172,   85
  240,20090713,  185,   72
  240,20090714,  193,   72
  240,20090715,  189,   70
  240,20090716,  200,   68
  240,20090717,  190,   71
  240,20090718,  163,   80
  240,20090719,  171,   74
  240,20090720,  171,   70
  240,20090721,  195,   75
  240,20090722,  191,   77
  240,20090723,  174,   79
  240,20090724,  165,   80
  240,20090725,  171,   73
  240,20090726,  188,   68
  240,20090727,  182,   74
  240,20090728,  179,   70
  240,20090729,  192,   68
  240,20090730,  161,   74
  240,20090731,  168,   66
  240,20090801,  201,   60
  240,20090802,  171,   80
  240,20090803,  167,   74
  240,20090804,  196,   63
  240,20090805,  217,   58
  240,20090806,  232,   59
  240,20090807,  213,   72
  240,20090808,  184,   73
  240,20090809,  171,   79
  240,20090810,  181,   75
  240,20090811,  188,   80
  240,20090812,  180,   85
  240,20090813,  170,   75
  240,20090814,  177,   71
  240,20090815,  205,   71
  240,20090816,  192,   77
  240,20090817,  184,   77
  240,20090818,  198,   69
  240,20090819,  219,   65
  240,20090820,  231,   66
  240,20090821,  177,   70
  240,20090822,  167,   69
  240,20090823,  198,   57
  240,20090824,  207,   62
  240,20090825,  175,   80
  240,20090826,  186,   64
  240,20090827,  191,   76
  240,20090828,  161,   73
  240,20090829,  155,   71
  240,20090830,  161,   72
  240,20090831,  194,   64
  240,20090901,  181,   69
  240,20090902,  165,   77
  240,20090903,  155,   76
  240,20090904,  150,   72
  240,20090905,  152,   77
  240,20090906,  156,   67
  240,20090907,  168,   74
  240,20090908,  198,   69
  240,20090909,  173,   75
  240,20090910,  159,   73
  240,20090911,  150,   74
  240,20090912,  151,   77
  240,20090913,  148,   80
  240,20090914,  157,   76
  240,20090915,  157,   83
  240,20090916,  159,   76
  240,20090917,  139,   71
  240,20090918,  145,   77
  240,20090919,  176,   80
  240,20090920,  154,   84
  240,20090921,  142,   76
  240,20090922,  159,   81
  240,20090923,  168,   75
  240,20090924,  137,   78
  240,20090925,  129,   81
  240,20090926,  130,   80
  240,20090927,  129,   84
  240,20090928,  153,   83
  240,20090929,  156,   86
  240,20090930,  150,   90
  240,20091001,  134,   77
  240,20091002,  122,   76
  240,20091003,  145,   79
  240,20091004,  118,   68
  240,20091005,  114,   94
  240,20091006,  150,   93
  240,20091007,  151,   94
  240,20091008,  114,   80
  240,20091009,  100,   79
  240,20091010,  127,   91
  240,20091011,  125,   86
  240,20091012,  113,   78
  240,20091013,   96,   74
  240,20091014,   55,   79
  240,20091015,   77,   76
  240,20091016,  110,   76
  240,20091017,   88,   75
  240,20091018,   79,   86
  240,20091019,   87,   79
  240,20091020,   80,   73
  240,20091021,  107,   70
  240,20091022,   88,   92
  240,20091023,  101,   94
  240,20091024,  110,   97
  240,20091025,  134,   85
  240,20091026,  126,   90
  240,20091027,  127,   83
  240,20091028,  119,   87
  240,20091029,  134,   91
  240,20091030,  109,   93
  240,20091031,  107,   87
  240,20091101,  134,   94
  240,20091102,   93,   87
  240,20091103,   72,   96
  240,20091104,   79,   92
  240,20091105,   83,   94
  240,20091106,   88,   93
  240,20091107,   74,   94
  240,20091108,   49,   96
  240,20091109,   70,   93
  240,20091110,   79,   92
  240,20091111,   79,   92
  240,20091112,   83,   93
  240,20091113,  135,   85
  240,20091114,  129,   77
  240,20091115,   95,   91
  240,20091116,  104,   89
  240,20091117,  105,   88
  240,20091118,  116,   85
  240,20091119,  102,   82
  240,20091120,  118,   88
  240,20091121,  124,   90
  240,20091122,  110,   82
  240,20091123,  106,   85
  240,20091124,  119,   83
  240,20091125,  108,   81
  240,20091126,   81,   87
  240,20091127,   72,   91
  240,20091128,   73,   89
  240,20091129,   85,   86
  240,20091130,   52,   92
  240,20091201,   54,   83
  240,20091202,   45,   93
  240,20091203,   81,   94
  240,20091204,   58,   94
  240,20091205,   73,   93
  240,20091206,   98,   91
  240,20091207,   73,   89
  240,20091208,   66,   92
  240,20091209,   76,   99
  240,20091210,   96,   90
  240,20091211,   73,   88
  240,20091212,   45,   80
  240,20091213,   15,   84
  240,20091214,  -25,   91
  240,20091215,  -26,   85
  240,20091216,   -5,   87
  240,20091217,   -2,   97
  240,20091218,  -20,   84
  240,20091219,  -60,   73
  240,20091220,   -6,   89
  240,20091221,  -17,   91
  240,20091222,    3,   97
  240,20091223,   -1,   96
  240,20091224,    0,   93
  240,20091225,   26,   93
  240,20091226,   37,   92
  240,20091227,   44,   90
  240,20091228,   33,   85
  240,20091229,    5,   95
  240,20091230,    3,   96
  240,20091231,    4,   88
  240,20100101,  -16,   82
  240,20100102,   -6,   95
  240,20100103,  -34,   91
  240,20100104,  -15,   97
  240,20100105,   -2,   95
  240,20100106,  -28,   95
  240,20100107,  -48,   94
  240,20100108,  -57,   95
  240,20100109,  -18,   88
  240,20100110,   -1,   95
  240,20100111,   -2,   89
  240,20100112,  -15,   88
  240,20100113,  -33,   83
  240,20100114,    3,   95
  240,20100115,   13,   95
  240,20100116,   11,   94
  240,20100117,   43,   95
  240,20100118,   37,   98
  240,20100119,   39,   98
  240,20100120,   22,   95
  240,20100121,   25,   92
  240,20100122,   24,   91
  240,20100123,   14,   94
  240,20100124,   -2,   98
  240,20100125,  -29,   89
  240,20100126,  -64,   79
  240,20100127,   -9,   88
  240,20100128,   35,   85
  240,20100129,   24,   92
  240,20100130,    3,   90
  240,20100131,   17,   82
  240,20100201,    5,   91
  240,20100202,   30,   96
  240,20100203,   23,   90
  240,20100204,   60,   95
  240,20100205,   42,   96
  240,20100206,   25,   99
  240,20100207,    9,   95
  240,20100208,  -33,   88
  240,20100209,  -28,   79
  240,20100210,  -24,   86
  240,20100211,  -19,   80
  240,20100212,  -21,   84
  240,20100213,  -12,   77
  240,20100214,  -24,   88
  240,20100215,  -32,   84
  240,20100216,   -6,   82
  240,20100217,   -3,   79
  240,20100218,   27,   94
  240,20100219,   31,   92
  240,20100220,   14,   86
  240,20100221,    4,   96
  240,20100222,   30,   97
  240,20100223,   15,   89
  240,20100224,   59,   95
  240,20100225,   76,   94
  240,20100226,   69,   87
  240,20100227,   63,   87
  240,20100228,   58,   93
  240,20100301,   39,   90
  240,20100302,   25,   87
  240,20100303,   21,   80
  240,20100304,   17,   78
  240,20100305,   23,   87
  240,20100306,    8,   70
  240,20100307,   -8,   63
  240,20100308,   12,   86
  240,20100309,    8,   78
  240,20100310,    7,   84
  240,20100311,   30,   84
  240,20100312,   43,   82
  240,20100313,   50,   87
  240,20100314,   61,   85
  240,20100315,   60,   93
  240,20100316,   58,   86
  240,20100317,   72,   74
  240,20100318,  104,   67
  240,20100319,  112,   91
  240,20100320,  129,   93
  240,20100321,   81,   85
  240,20100322,   75,   81
  240,20100323,   92,   75
  240,20100324,  128,   69
  240,20100325,  142,   71
  240,20100326,  104,   78
  240,20100327,   91,   84
  240,20100328,   80,   85
  240,20100329,   99,   84
  240,20100330,   98,   88
  240,20100331,   64,   80
  240,20100401,   56,   77
  240,20100402,   77,   70
  240,20100403,   71,   91
  240,20100404,   67,   94
  240,20100405,   70,   81
  240,20100406,  111,   63
  240,20100407,  128,   65
  240,20100408,   86,   81
  240,20100409,   94,   81
  240,20100410,   75,   76
  240,20100411,   71,   79
  240,20100412,   96,   73
  240,20100413,   96,   73
  240,20100414,  100,   73
  240,20100415,   90,   66
  240,20100416,   79,   72
  240,20100417,   75,   75
  240,20100418,   98,   68
  240,20100419,   89,   67
  240,20100420,   81,   73
  240,20100421,   63,   67
  240,20100422,   70,   71
  240,20100423,   83,   62
  240,20100424,  125,   51
  240,20100425,  133,   63
  240,20100426,  116,   84
  240,20100427,  128,   71
  240,20100428,  160,   62
  240,20100429,  168,   64
  240,20100430,  117,   80
  240,20100501,  105,   83
  240,20100502,   77,   91
  240,20100503,   66,   88
  240,20100504,   73,   69
  240,20100505,   83,   75
  240,20100506,   90,   75
  240,20100507,   80,   85
  240,20100508,   88,   91
  240,20100509,   85,   82
  240,20100510,   69,   73
  240,20100511,   77,   71
  240,20100512,   65,   89
  240,20100513,   72,   82
  240,20100514,   80,   69
  240,20100515,   94,   78
  240,20100516,  115,   72
  240,20100517,  112,   76
  240,20100518,   98,   74
  240,20100519,  111,   62
  240,20100520,  134,   67
  240,20100521,  134,   77
  240,20100522,  142,   78
  240,20100523,  162,   72
  240,20100524,  156,   74
  240,20100525,  125,   67
  240,20100526,  107,   64
  240,20100527,  107,   69
  240,20100528,  113,   74
  240,20100529,  142,   68
  240,20100530,  120,   88
  240,20100531,  126,   83
  240,20100601,  121,   84
  240,20100602,  151,   66
  240,20100603,  158,   64
  240,20100604,  165,   65
  240,20100605,  189,   62
  240,20100606,  180,   76
  240,20100607,  141,   86
  240,20100608,  164,   85
  240,20100609,  173,   89
  240,20100610,  179,   92
  240,20100611,  153,   90
  240,20100612,  134,   79
  240,20100613,  139,   72
  240,20100614,  160,   66
  240,20100615,  133,   63
  240,20100616,  154,   70
  240,20100617,  162,   71
  240,20100618,  131,   74
  240,20100619,  116,   75
  240,20100620,  113,   77
  240,20100621,  134,   71
  240,20100622,  148,   71
  240,20100623,  181,   66
  240,20100624,  187,   67
  240,20100625,  188,   69
  240,20100626,  193,   64
  240,20100627,  216,   57
  240,20100628,  211,   65
  240,20100629,  189,   71
  240,20100630,  196,   76
  240,20100701,  213,   67
  240,20100702,  257,   56
  240,20100703,  203,   78
  240,20100704,  192,   65
  240,20100705,  181,   69
  240,20100706,  161,   65
  240,20100707,  189,   59
  240,20100708,  213,   66
  240,20100709,  248,   60
  240,20100710,  244,   64
  240,20100711,  226,   74
  240,20100712,  201,   82
  240,20100713,  200,   74
  240,20100714,  211,   75
  240,20100715,  183,   69
  240,20100716,  185,   67
  240,20100717,  170,   75
  240,20100718,  178,   71
  240,20100719,  206,   63
  240,20100720,  237,   58
  240,20100721,  212,   68
  240,20100722,  180,   75
  240,20100723,  174,   77
  240,20100724,  162,   64
  240,20100725,  171,   78
  240,20100726,  166,   83
  240,20100727,  180,   82
  240,20100728,  180,   79
  240,20100729,  165,   80
  240,20100730,  179,   68
  240,20100731,  181,   84
  240,20100801,  183,   76
  240,20100802,  173,   80
  240,20100803,  176,   71
  240,20100804,  166,   83
  240,20100805,  155,   77
  240,20100806,  170,   71
  240,20100807,  172,   86
  240,20100808,  171,   86
  240,20100809,  183,   72
  240,20100810,  174,   86
  240,20100811,  170,   74
  240,20100812,  150,   81
  240,20100813,  155,   79
  240,20100814,  185,   72
  240,20100815,  178,   79
  240,20100816,  196,   84
  240,20100817,  166,   89
  240,20100818,  172,   76
  240,20100819,  175,   74
  240,20100820,  208,   66
  240,20100821,  208,   80
  240,20100822,  197,   85
  240,20100823,  188,   83
  240,20100824,  168,   66
  240,20100825,  165,   74
  240,20100826,  167,   93
  240,20100827,  147,   84
  240,20100828,  141,   78
  240,20100829,  135,   81
  240,20100830,  148,   73
  240,20100831,  132,   78
  240,20100901,  134,   80
  240,20100902,  136,   85
  240,20100903,  138,   83
  240,20100904,  141,   75
  240,20100905,  140,   70
  240,20100906,  154,   62
  240,20100907,  126,   86
  240,20100908,  151,   91
  240,20100909,  162,   85
  240,20100910,  158,   91
  240,20100911,  180,   80
  240,20100912,  153,   84
  240,20100913,  152,   78
  240,20100914,  163,   90
  240,20100915,  138,   69
  240,20100916,  126,   81
  240,20100917,  114,   80
  240,20100918,  120,   72
  240,20100919,  139,   79
  240,20100920,  157,   85
  240,20100921,  147,   92
  240,20100922,  161,   83
  240,20100923,  161,   86
  240,20100924,  148,   83
  240,20100925,  109,   77
  240,20100926,   94,   91
  240,20100927,  115,   95
  240,20100928,  129,   91
  240,20100929,  104,   80
  240,20100930,  108,   91
  240,20101001,  124,   83
  240,20101002,  158,   90
  240,20101003,  183,   78
  240,20101004,  178,   79
  240,20101005,  164,   85
  240,20101006,  156,   89
  240,20101007,  141,   92
  240,20101008,  150,   88
  240,20101009,  137,   80
  240,20101010,  117,   74
  240,20101011,  109,   74
  240,20101012,  101,   82
  240,20101013,  105,   85
  240,20101014,  108,   86
  240,20101015,  102,   91
  240,20101016,   78,   77
  240,20101017,   58,   78
  240,20101018,   81,   85
  240,20101019,   94,   84
  240,20101020,   66,   80
  240,20101021,   90,   69
  240,20101022,  105,   78
  240,20101023,   77,   84
  240,20101024,   82,   73
  240,20101025,   65,   75
  240,20101026,   72,   80
  240,20101027,   94,   94
  240,20101028,  117,   88
  240,20101029,  104,   82
  240,20101030,  112,   86
  240,20101031,   91,   93
  240,20101101,   87,   96
  240,20101102,  111,   91
  240,20101103,  128,   83
  240,20101104,  149,   84
  240,20101105,  133,   89
  240,20101106,   94,   89
  240,20101107,   62,   83
  240,20101108,   52,   85
  240,20101109,   48,   89
  240,20101110,   57,   83
  240,20101111,   70,   84
  240,20101112,  114,   74
  240,20101113,  101,   87
  240,20101114,  108,   89
  240,20101115,   55,   85
  240,20101116,   42,   92
  240,20101117,   42,   88
  240,20101118,   50,   90
  240,20101119,   64,   93
  240,20101120,   60,   88
  240,20101121,   59,   88
  240,20101122,   50,   82
  240,20101123,   40,   86
  240,20101124,   29,   91
  240,20101125,   22,   92
  240,20101126,   -2,   91
  240,20101127,    0,   90
  240,20101128,  -19,   84
  240,20101129,  -14,   86
  240,20101130,  -16,   76
  240,20101201,  -58,   65
  240,20101202,  -65,   83
  240,20101203,  -49,   86
  240,20101204,  -17,   89
  240,20101205,   26,   91
  240,20101206,   -1,   98
  240,20101207,  -21,   98
  240,20101208,  -17,   92
  240,20101209,   34,   83
  240,20101210,   44,   93
  240,20101211,   74,   84
  240,20101212,   34,   76
  240,20101213,   -9,   87
  240,20101214,  -25,   80
  240,20101215,   17,   87
  240,20101216,   18,   93
  240,20101217,  -18,   91
  240,20101218,  -38,   87
  240,20101219,  -50,   91
  240,20101220,  -74,   91
  240,20101221,  -40,   89
  240,20101222,  -19,   91
  240,20101223,   -1,   83
  240,20101224,   -6,   73
  240,20101225,  -16,   82
  240,20101226,    6,   91
  240,20101227,   -1,   90
  240,20101228,    8,   79
  240,20101229,    9,   87
  240,20101230,    0,   92
  240,20101231,   38,   98
  240,20110101,   41,   88
  240,20110102,   18,   87
  240,20110103,    2,   92
  240,20110104,   12,   83
  240,20110105,    4,   80
  240,20110106,   45,   96
  240,20110107,   45,   96
  240,20110108,   79,   88
  240,20110109,   29,   87
  240,20110110,   10,   92
  240,20110111,   32,   90
  240,20110112,   52,   94
  240,20110113,   94,   95
  240,20110114,   95,   91
  240,20110115,   86,   86
  240,20110116,   96,   82
  240,20110117,   78,   91
  240,20110118,   39,   94
  240,20110119,   36,   92
  240,20110120,   24,   85
  240,20110121,    9,   95
  240,20110122,   48,   89
  240,20110123,   57,   92
  240,20110124,   57,   90
  240,20110125,   45,   86
  240,20110126,   19,   85
  240,20110127,    1,   74
  240,20110128,  -17,   72
  240,20110129,  -19,   86
  240,20110130,   -2,   90
  240,20110131,   -3,   82
  240,20110201,    7,   90
  240,20110202,   44,   95
  240,20110203,   59,   87
  240,20110204,   94,   80
  240,20110205,  104,   79
  240,20110206,  100,   76
  240,20110207,   81,   75
  240,20110208,   41,   84
  240,20110209,   33,   85
  240,20110210,   70,   92
  240,20110211,   67,   95
  240,20110212,   51,   94
  240,20110213,   53,   90
  240,20110214,   60,   90
  240,20110215,   57,   89
  240,20110216,   62,   85
  240,20110217,   40,   85
  240,20110218,   11,   79
  240,20110219,   21,   78
  240,20110220,    3,   69
  240,20110221,  -17,   60
  240,20110222,  -17,   62
  240,20110223,    3,   80
  240,20110224,   51,   98
  240,20110225,   76,   99
  240,20110226,   75,   96
  240,20110227,   47,   90
  240,20110228,   28,   91
  240,20110301,   25,   88
  240,20110302,   19,   83
  240,20110303,    7,   83
  240,20110304,    0,   87
  240,20110305,   29,   86
  240,20110306,   34,   65
  240,20110307,   26,   51
  240,20110308,   31,   56
  240,20110309,   61,   80
  240,20110310,   77,   81
  240,20110311,   65,   72
  240,20110312,   85,   72
  240,20110313,  106,   81
  240,20110314,  103,   90
  240,20110315,  108,   85
  240,20110316,   71,   83
  240,20110317,   54,   88
  240,20110318,   63,   86
  240,20110319,   47,   75
  240,20110320,   48,   67
  240,20110321,   64,   67
  240,20110322,   79,   77
  240,20110323,   81,   78
  240,20110324,   94,   76
  240,20110325,   93,   74
  240,20110326,   53,   76
  240,20110327,   55,   65
  240,20110328,   49,   79
  240,20110329,   67,   74
  240,20110330,   93,   81
  240,20110331,  108,   91
  240,20110401,  118,   87
  240,20110402,  147,   76
  240,20110403,  107,   86
  240,20110404,   97,   78
  240,20110405,   98,   82
  240,20110406,  134,   80
  240,20110407,  108,   79
  240,20110408,   92,   79
  240,20110409,  100,   70
  240,20110410,  112,   63
  240,20110411,  122,   74
  240,20110412,   79,   78
  240,20110413,   84,   70
  240,20110414,   90,   73
  240,20110415,  101,   67
  240,20110416,  104,   71
  240,20110417,  118,   76
  240,20110418,  136,   57
  240,20110419,  161,   53
  240,20110420,  173,   52
  240,20110421,  175,   57
  240,20110422,  194,   50
  240,20110423,  187,   53
  240,20110424,  179,   61
  240,20110425,  168,   56
  240,20110426,  144,   65
  240,20110427,  119,   74
  240,20110428,  143,   80
  240,20110429,  167,   66
  240,20110430,  151,   48
  240,20110501,  132,   42
  240,20110502,  107,   48
  240,20110503,   86,   51
  240,20110504,   85,   70
  240,20110505,  111,   59
  240,20110506,  159,   49
  240,20110507,  206,   45
  240,20110508,  203,   53
  240,20110509,  156,   84
  240,20110510,  160,   75
  240,20110511,  142,   73
  240,20110512,  133,   75
  240,20110513,  135,   64
  240,20110514,  120,   68
  240,20110515,  115,   73
  240,20110516,  133,   84
  240,20110517,  136,   82
  240,20110518,  142,   82
  240,20110519,  130,   73
  240,20110520,  136,   74
  240,20110521,  158,   65
  240,20110522,  147,   73
  240,20110523,  157,   64
  240,20110524,  134,   60
  240,20110525,  157,   56
  240,20110526,  145,   62
  240,20110527,  122,   74
  240,20110528,  130,   77
  240,20110529,  156,   74
  240,20110530,  183,   70
  240,20110531,  129,   81
  240,20110601,  136,   60
  240,20110602,  164,   64
  240,20110603,  184,   72
  240,20110604,  200,   68
  240,20110605,  161,   84
  240,20110606,  149,   87
  240,20110607,  153,   77
  240,20110608,  143,   71
  240,20110609,  145,   64
  240,20110610,  134,   73
  240,20110611,  121,   76
  240,20110612,  145,   61
  240,20110613,  158,   84
  240,20110614,  160,   69
  240,20110615,  169,   76
  240,20110616,  155,   84
  240,20110617,  149,   74
  240,20110618,  147,   79
  240,20110619,  140,   83
  240,20110620,  154,   79
  240,20110621,  171,   75
  240,20110622,  152,   74
  240,20110623,  155,   77
  240,20110624,  143,   74
  240,20110625,  147,   91
  240,20110626,  197,   81
  240,20110627,  247,   65
  240,20110628,  242,   75
  240,20110629,  161,   86
  240,20110630,  150,   74
  240,20110701,  142,   72
  240,20110702,  139,   73
  240,20110703,  147,   71
  240,20110704,  156,   74
  240,20110705,  182,   69
  240,20110706,  175,   70
  240,20110707,  182,   66
  240,20110708,  176,   71
  240,20110709,  168,   74
  240,20110710,  166,   77
  240,20110711,  182,   71
  240,20110712,  179,   77
  240,20110713,  135,   92
  240,20110714,  145,   94
  240,20110715,  174,   73
  240,20110716,  163,   86
  240,20110717,  158,   84
  240,20110718,  149,   89
  240,20110719,  161,   77
  240,20110720,  171,   78
  240,20110721,  165,   83
  240,20110722,  150,   73
  240,20110723,  136,   79
  240,20110724,  129,   91
  240,20110725,  146,   83
  240,20110726,  153,   90
  240,20110727,  173,   83
  240,20110728,  184,   82
  240,20110729,  152,   86
  240,20110730,  146,   79
  240,20110731,  145,   76
  240,20110801,  160,   77
  240,20110802,  210,   74
  240,20110803,  188,   88
  240,20110804,  191,   86
  240,20110805,  185,   81
  240,20110806,  180,   88
  240,20110807,  168,   76
  240,20110808,  156,   81
  240,20110809,  144,   76
  240,20110810,  155,   78
  240,20110811,  174,   87
  240,20110812,  169,   89
  240,20110813,  171,   92
  240,20110814,  175,   83
  240,20110815,  162,   75
  240,20110816,  176,   72
  240,20110817,  169,   78
  240,20110818,  158,   88
  240,20110819,  154,   79
  240,20110820,  170,   79
  240,20110821,  194,   81
  240,20110822,  178,   86
  240,20110823,  189,   90
  240,20110824,  176,   91
  240,20110825,  173,   79
  240,20110826,  178,   84
  240,20110827,  144,   88
  240,20110828,  143,   87
  240,20110829,  133,   75
  240,20110830,  135,   83
  240,20110831,  140,   82
  240,20110901,  129,   81
  240,20110902,  172,   78
  240,20110903,  211,   79
  240,20110904,  184,   86
  240,20110905,  155,   80
  240,20110906,  152,   88
  240,20110907,  155,   74
  240,20110908,  151,   86
  240,20110909,  177,   90
  240,20110910,  206,   87
  240,20110911,  167,   86
  240,20110912,  169,   82
  240,20110913,  158,   73
  240,20110914,  145,   73
  240,20110915,  139,   77
  240,20110916,  140,   80
  240,20110917,  148,   89
  240,20110918,  118,   88
  240,20110919,  131,   84
  240,20110920,  156,   86
  240,20110921,  156,   84
  240,20110922,  145,   72
  240,20110923,  136,   82
  240,20110924,  139,   84
  240,20110925,  159,   81
  240,20110926,  169,   88
  240,20110927,  163,   90
  240,20110928,  169,   85
  240,20110929,  188,   82
  240,20110930,  178,   80
  240,20111001,  174,   83
  240,20111002,  171,   80
  240,20111003,  181,   73
  240,20111004,  173,   83
  240,20111005,  173,   82
  240,20111006,  138,   72
  240,20111007,  111,   81
  240,20111008,  104,   80
  240,20111009,  122,   95
  240,20111010,  171,   85
  240,20111011,  157,   87
  240,20111012,  113,   96
  240,20111013,  101,   81
  240,20111014,   90,   79
  240,20111015,   78,   79
  240,20111016,   81,   81
  240,20111017,  121,   86
  240,20111018,  114,   72
  240,20111019,   91,   77
  240,20111020,   77,   84
  240,20111021,   74,   84
  240,20111022,   64,   80
  240,20111023,   84,   80
  240,20111024,   94,   72
  240,20111025,  100,   82
  240,20111026,  103,   86
  240,20111027,  109,   81
  240,20111028,  121,   95
  240,20111029,  124,   94
  240,20111030,  130,   95
  240,20111031,  132,   89
  240,20111101,  126,   92
  240,20111102,  112,   94
  240,20111103,  142,   85
  240,20111104,  147,   76
  240,20111105,  128,   89
  240,20111106,  116,   89
  240,20111107,  101,   89
  240,20111108,   89,   90
  240,20111109,   88,   94
  240,20111110,   71,   96
  240,20111111,   74,   86
  240,20111112,   66,   87
  240,20111113,   55,   91
  240,20111114,   29,   95
  240,20111115,   16,   97
  240,20111116,   21,   87
  240,20111117,   36,   99
  240,20111118,   67,   99
  240,20111119,   44,   97
  240,20111120,   38,   99
  240,20111121,   23,  100
  240,20111122,   46,   97
  240,20111123,   84,   95
  240,20111124,   83,   94
  240,20111125,   94,   84
  240,20111126,   95,   84
  240,20111127,  102,   79
  240,20111128,   53,   90
  240,20111129,   76,   91
  240,20111130,   77,   83
  240,20111201,   89,   94
  240,20111202,   64,   87
  240,20111203,   87,   81
  240,20111204,   84,   74
  240,20111205,   60,   71
  240,20111206,   55,   78
  240,20111207,   69,   77
  240,20111208,   74,   85
  240,20111209,   62,   70
  240,20111210,   48,   78
  240,20111211,   41,   87
  240,20111212,   66,   86
  240,20111213,   77,   83
  240,20111214,   50,   89
  240,20111215,   50,   88
  240,20111216,   41,   93
  240,20111217,   45,   84
  240,20111218,   26,   89
  240,20111219,   21,   93
  240,20111220,   61,   86
  240,20111221,   61,   95
  240,20111222,   94,   96
  240,20111223,   90,   94
  240,20111224,   64,   85
  240,20111225,   97,   87
  240,20111226,  113,   88
  240,20111227,   89,   83
  240,20111228,   69,   86
  240,20111229,   70,   77
  240,20111230,   51,   85
  240,20111231,   83,   96
  240,20120101,  113,   95
  240,20120102,   73,   86
  240,20120103,   73,   85
  240,20120104,   73,   79
  240,20120105,   72,   76
  240,20120106,   67,   79
  240,20120107,   79,   83
  240,20120108,   72,   83
  240,20120109,   80,   90
  240,20120110,   68,   91
  240,20120111,   87,   92
  240,20120112,   79,   82
  240,20120113,   55,   73
  240,20120114,   40,   79
  240,20120115,   20,   85
  240,20120116,   -2,   77
  240,20120117,   -7,   84
  240,20120118,   31,   93
  240,20120119,   67,   90
  240,20120120,   47,   81
  240,20120121,   78,   83
  240,20120122,   68,   80
  240,20120123,   53,   83
  240,20120124,   34,   89
  240,20120125,   45,   89
  240,20120126,   50,   95
  240,20120127,   33,   91
  240,20120128,   30,   93
  240,20120129,   -5,   82
  240,20120130,  -17,   83
  240,20120131,  -36,   69
  240,20120201,  -40,   52
  240,20120202,  -55,   53
  240,20120203,  -69,   83
  240,20120204, -115,   86
  240,20120205,  -67,   65
  240,20120206,  -71,   62
  240,20120207,  -77,   69
  240,20120208,  -32,   77
  240,20120209,  -43,   84
  240,20120210,  -57,   67
  240,20120211,  -71,   72
  240,20120212,  -32,   89
  240,20120213,   27,   95
  240,20120214,   48,   90
  240,20120215,   56,   88
  240,20120216,   56,   93
  240,20120217,   67,   92
  240,20120218,   68,   88
  240,20120219,   28,   80
  240,20120220,   27,   74
  240,20120221,   67,   82
  240,20120222,   71,   79
  240,20120223,   97,   92
  240,20120224,   77,   93
  240,20120225,   56,   86
  240,20120226,   64,   86
  240,20120227,   65,   90
  240,20120228,   86,   97
  240,20120229,   78,   97
  240,20120301,   85,   95
  240,20120302,   74,   91
  240,20120303,   90,   89
  240,20120304,   69,   94
  240,20120305,   59,   83
  240,20120306,   61,   74
  240,20120307,   44,   90
  240,20120308,   56,   84
  240,20120309,   74,   82
  240,20120310,   89,   91
  240,20120311,   77,   87
  240,20120312,   74,   88
  240,20120313,   78,   81
  240,20120314,   62,   79
  240,20120315,   79,   79
  240,20120316,   80,   86
  240,20120317,   89,   80
  240,20120318,   64,   91
  240,20120319,   50,   85
  240,20120320,   74,   80
  240,20120321,   94,   77
  240,20120322,  117,   79
  240,20120323,  118,   77
  240,20120324,  103,   81
  240,20120325,   92,   77
  240,20120326,  101,   69
  240,20120327,  103,   74
  240,20120328,   97,   76
  240,20120329,   84,   85
  240,20120330,   83,   86
  240,20120331,   68,   73
  240,20120401,   54,   77
  240,20120402,   80,   82
  240,20120403,   89,   74
  240,20120404,   70,   90
  240,20120405,   55,   75
  240,20120406,   54,   74
  240,20120407,   51,   73
  240,20120408,   65,   73
  240,20120409,   90,   93
  240,20120410,   96,   77
  240,20120411,   81,   80
  240,20120412,   75,   80
  240,20120413,   70,   82
  240,20120414,   74,   75
  240,20120415,   66,   67
  240,20120416,   53,   66
  240,20120417,   50,   78
  240,20120418,   81,   80
  240,20120419,   86,   80
  240,20120420,   80,   84
  240,20120421,   77,   82
  240,20120422,   94,   74
  240,20120423,   95,   77
  240,20120424,   90,   85
  240,20120425,   98,   82
  240,20120426,  114,   77
  240,20120427,  124,   72
  240,20120428,   97,   91
  240,20120429,  121,   85
  240,20120430,  156,   68
  240,20120501,  135,   86
  240,20120502,  139,   81
  240,20120503,  122,   89
  240,20120504,   93,   86
  240,20120505,   88,   69
  240,20120506,   89,   63
  240,20120507,  105,   64
  240,20120508,  128,   86
  240,20120509,  151,   87
  240,20120510,  177,   87
  240,20120511,  132,   77
  240,20120512,   89,   70
  240,20120513,   96,   66
  240,20120514,  109,   71
  240,20120515,   95,   79
  240,20120516,   81,   72
  240,20120517,  107,   65
  240,20120518,  134,   72
  240,20120519,  144,   76
  240,20120520,  155,   88
  240,20120521,  185,   78
  240,20120522,  204,   75
  240,20120523,  216,   78
  240,20120524,  216,   69
  240,20120525,  203,   54
  240,20120526,  201,   53
  240,20120527,  203,   61
  240,20120528,  158,   83
  240,20120529,  132,   82
  240,20120530,  150,   74
  240,20120531,  138,   92
  240,20120601,  122,   77
  240,20120602,  120,   66
  240,20120603,   92,   89
  240,20120604,   89,   87
  240,20120605,  117,   67
  240,20120606,  139,   83
  240,20120607,  160,   82
  240,20120608,  153,   69
  240,20120609,  129,   79
  240,20120610,  146,   75
  240,20120611,  154,   79
  240,20120612,  131,   81
  240,20120613,  117,   73
  240,20120614,  130,   67
  240,20120615,  148,   85
  240,20120616,  163,   72
  240,20120617,  163,   70
  240,20120618,  144,   84
  240,20120619,  153,   77
  240,20120620,  177,   73
  240,20120621,  177,   83
  240,20120622,  157,   70
  240,20120623,  159,   69
  240,20120624,  136,   86
  240,20120625,  139,   80
  240,20120626,  164,   71
  240,20120627,  181,   86
  240,20120628,  221,   76
  240,20120629,  188,   68
  240,20120630,  185,   74
  240,20120701,  156,   69
  240,20120702,  171,   66
  240,20120703,  189,   75
  240,20120704,  218,   68
  240,20120705,  220,   74
  240,20120706,  192,   83
  240,20120707,  185,   74
  240,20120708,  168,   88
  240,20120709,  165,   86
  240,20120710,  165,   78
  240,20120711,  154,   79
  240,20120712,  144,   75
  240,20120713,  156,   85
  240,20120714,  148,   85
  240,20120715,  146,   77
  240,20120716,  156,   85
  240,20120717,  170,   86
  240,20120718,  166,   87
  240,20120719,  150,   81
  240,20120720,  147,   71
  240,20120721,  137,   74
  240,20120722,  158,   73
  240,20120723,  199,   62
  240,20120724,  218,   61
  240,20120725,  220,   68
  240,20120726,  205,   74
  240,20120727,  204,   81
  240,20120728,  179,   81
  240,20120729,  163,   75
  240,20120730,  155,   72
  240,20120731,  153,   87
  240,20120801,  201,   78
  240,20120802,  179,   81
  240,20120803,  182,   74
  240,20120804,  178,   83
  240,20120805,  177,   86
  240,20120806,  173,   84
  240,20120807,  166,   81
  240,20120808,  169,   86
  240,20120809,  163,   78
  240,20120810,  165,   70
  240,20120811,  165,   78
  240,20120812,  193,   60
  240,20120813,  191,   76
  240,20120814,  208,   81
  240,20120815,  222,   74
  240,20120816,  188,   76
  240,20120817,  219,   66
  240,20120818,  244,   63
  240,20120819,  249,   71
  240,20120820,  203,   86
  240,20120821,  200,   83
  240,20120822,  182,   75
  240,20120823,  175,   76
  240,20120824,  182,   77
  240,20120825,  172,   87
  240,20120826,  160,   89
  240,20120827,  172,   75
  240,20120828,  179,   82
  240,20120829,  179,   76
  240,20120830,  158,   85
  240,20120831,  137,   78
  240,20120901,  152,   70
  240,20120902,  162,   83
  240,20120903,  172,   84
  240,20120904,  178,   83
  240,20120905,  156,   73
  240,20120906,  149,   71
  240,20120907,  171,   83
  240,20120908,  183,   85
  240,20120909,  199,   73
  240,20120910,  189,   82
  240,20120911,  156,   78
  240,20120912,  130,   75
  240,20120913,  137,   74
  240,20120914,  153,   76
  240,20120915,  141,   79
  240,20120916,  150,   83
  240,20120917,  168,   76
  240,20120918,  132,   81
  240,20120919,  100,   82
  240,20120920,  114,   83
  240,20120921,  130,   77
  240,20120922,  108,   79
  240,20120923,   96,   83
  240,20120924,  139,   88
  240,20120925,  134,   81
  240,20120926,  133,   83
  240,20120927,  122,   89
  240,20120928,  136,   83
  240,20120929,  129,   75
  240,20120930,  124,   78
  240,20121001,  142,   85
  240,20121002,  140,   85
  240,20121003,  129,   87
  240,20121004,  118,   83
  240,20121005,  126,   84
  240,20121006,  103,   87
  240,20121007,   93,   82
  240,20121008,   91,   84
  240,20121009,   93,   80
  240,20121010,   96,   82
  240,20121011,   95,   78
  240,20121012,  114,   88
  240,20121013,   90,   92
  240,20121014,   89,   89
  240,20121015,  102,   77
  240,20121016,  110,   79
  240,20121017,  117,   89
  240,20121018,  142,   91
  240,20121019,  163,   85
  240,20121020,  143,   89
  240,20121021,  126,   94
  240,20121022,  152,   91
  240,20121023,  140,   91
  240,20121024,  121,   93
  240,20121025,  108,   81
  240,20121026,   59,   59
  240,20121027,   43,   78
  240,20121028,   57,   77
  240,20121029,   81,   92
  240,20121030,   69,   90
  240,20121031,   80,   80
  240,20121101,   79,   83
  240,20121102,   68,   84
  240,20121103,   65,   86
  240,20121104,   58,   90
  240,20121105,   67,   87
  240,20121106,   77,   85
  240,20121107,  104,   85
  240,20121108,  106,   83
  240,20121109,   90,   84
  240,20121110,   98,   95
  240,20121111,   81,   90
  240,20121112,   65,   92
  240,20121113,   91,   95
  240,20121114,   85,   87
  240,20121115,   35,   91
  240,20121116,   38,   85
  240,20121117,   54,   95
  240,20121118,   59,   91
  240,20121119,   46,   98
  240,20121120,   93,   90
  240,20121121,   67,   88
  240,20121122,   74,   86
  240,20121123,   59,   92
  240,20121124,   44,   98
  240,20121125,  100,   79
  240,20121126,   77,   89
  240,20121127,   63,   91
  240,20121128,   59,   90
  240,20121129,   35,   88
  240,20121130,   23,   92
  240,20121201,   39,   92
  240,20121202,   33,   89
  240,20121203,   35,   89
  240,20121204,   51,   81
  240,20121205,   13,   86
  240,20121206,    8,   86
  240,20121207,    5,   92
  240,20121208,  -10,   89
  240,20121209,   62,   85
  240,20121210,   33,   76
  240,20121211,    5,   86
  240,20121212,   23,   85
  240,20121213,  -10,   79
  240,20121214,   49,   91
  240,20121215,   79,   88
  240,20121216,   68,   94
  240,20121217,   61,   95
  240,20121218,   53,   97
  240,20121219,   53,   95
  240,20121220,   33,   88
  240,20121221,   51,   98
  240,20121222,   71,   96
  240,20121223,  109,   91
  240,20121224,   96,   90
  240,20121225,   84,   89
  240,20121226,   77,   88
  240,20121227,   72,   86
  240,20121228,   67,   91
  240,20121229,  106,   82
  240,20121230,   81,   79
  240,20121231,   94,   84
  240,20130101,   71,   86
  240,20130102,   68,   89
  240,20130103,  101,   93
  240,20130104,   91,   93
  240,20130105,   81,   94
  240,20130106,   80,   95
  240,20130107,   71,   96
  240,20130108,   77,   93
  240,20130109,   67,   94
  240,20130110,   54,   86
  240,20130111,    6,   84
  240,20130112,    4,   77
  240,20130113,  -14,   78
  240,20130114,  -31,   84
  240,20130115,  -25,   83
  240,20130116,  -53,   87
  240,20130117,  -46,   89
  240,20130118,  -15,   80
  240,20130119,  -39,   74
  240,20130120,  -47,   82
  240,20130121,  -21,   88
  240,20130122,  -42,   84
  240,20130123,  -45,   82
  240,20130124,  -37,   80
  240,20130125,  -46,   84
  240,20130126,  -14,   87
  240,20130127,   32,   91
  240,20130128,   49,   88
  240,20130129,  105,   90
  240,20130130,   98,   82
  240,20130131,   76,   79
  240,20130201,   49,   91
  240,20130202,   41,   81
  240,20130203,   49,   85
  240,20130204,   78,   79
  240,20130205,   34,   79
  240,20130206,   24,   87
  240,20130207,   22,   89
  240,20130208,    9,   86
  240,20130209,   -2,   94
  240,20130210,   -5,   81
  240,20130211,  -16,   66
  240,20130212,   -5,   72
  240,20130213,   -8,   76
  240,20130214,   -6,   83
  240,20130215,   43,   94
  240,20130216,   55,   94
  240,20130217,   33,   86
  240,20130218,   24,   88
  240,20130219,   33,   86
  240,20130220,    3,   68
  240,20130221,   -5,   67
  240,20130222,  -11,   67
  240,20130223,   -8,   67
  240,20130224,    5,   89
  240,20130225,   20,   92
  240,20130226,   26,   91
  240,20130227,   10,   86
  240,20130228,   17,   88
  240,20130301,   36,   80
  240,20130302,   31,   75
  240,20130303,   43,   81
  240,20130304,   47,   68
  240,20130305,   87,   58
  240,20130306,  108,   55
  240,20130307,   83,   71
  240,20130308,   81,   85
  240,20130309,   37,   95
  240,20130310,    2,   81
  240,20130311,  -17,   70
  240,20130312,  -20,   60
  240,20130313,    2,   74
  240,20130314,   -2,   75
  240,20130315,    9,   84
  240,20130316,   49,   66
  240,20130317,   55,   82
  240,20130318,   53,   84
  240,20130319,   31,   84
  240,20130320,    9,   77
  240,20130321,    6,   79
  240,20130322,    5,   71
  240,20130323,    0,   51
  240,20130324,   -5,   33
  240,20130325,    3,   44
  240,20130326,    6,   49
  240,20130327,   12,   50
  240,20130328,    1,   65
  240,20130329,    1,   79
  240,20130330,    8,   77
  240,20130331,   18,   70
  240,20130401,   28,   61
  240,20130402,   39,   52
  240,20130403,   38,   51
  240,20130404,   31,   63
  240,20130405,   42,   63
  240,20130406,   48,   62
  240,20130407,   37,   68
  240,20130408,   60,   55
  240,20130409,   68,   78
  240,20130410,   53,   90
  240,20130411,   60,   96
  240,20130412,   74,   92
  240,20130413,   94,   83
  240,20130414,  155,   75
  240,20130415,  120,   78
  240,20130416,  113,   81
  240,20130417,  143,   75
  240,20130418,  118,   63
  240,20130419,   77,   78
  240,20130420,   66,   68
  240,20130421,   72,   69
  240,20130422,   88,   72
  240,20130423,  109,   83
  240,20130424,  121,   80
  240,20130425,  144,   76
  240,20130426,   73,   88
  240,20130427,   64,   72
  240,20130428,   70,   69
  240,20130429,   83,   71
  240,20130430,   84,   74
  240,20130501,   99,   62
  240,20130502,  112,   64
  240,20130503,  123,   65
  240,20130504,  117,   67
  240,20130505,  123,   70
  240,20130506,  152,   61
  240,20130507,  166,   71
  240,20130508,  157,   83
  240,20130509,  123,   67
  240,20130510,  126,   70
  240,20130511,  106,   80
  240,20130512,   94,   78
  240,20130513,  112,   77
  240,20130514,   97,   79
  240,20130515,  112,   72
  240,20130516,   93,   86
  240,20130517,   90,   93
  240,20130518,  100,   83
  240,20130519,  109,   83
  240,20130520,  108,   95
  240,20130521,   97,   94
  240,20130522,   90,   76
  240,20130523,   74,   75
  240,20130524,   75,   79
  240,20130525,   85,   83
  240,20130526,   94,   83
  240,20130527,  124,   60
  240,20130528,  160,   56
  240,20130529,  116,   92
  240,20130530,  134,   83
  240,20130531,  139,   83
  240,20130601,  103,   85
  240,20130602,  114,   75
  240,20130603,  107,   73
  240,20130604,  145,   70
  240,20130605,  157,   68
  240,20130606,  164,   74
  240,20130607,  161,   74
  240,20130608,  136,   73
  240,20130609,  124,   72
  240,20130610,  124,   69
  240,20130611,  157,   68
  240,20130612,  176,   81
  240,20130613,  158,   76
  240,20130614,  151,   68
  240,20130615,  145,   67
  240,20130616,  143,   70
  240,20130617,  169,   70
  240,20130618,  217,   73
  240,20130619,  209,   78
  240,20130620,  190,   90
  240,20130621,  157,   92
  240,20130622,  156,   82
  240,20130623,  151,   80
  240,20130624,  132,   83
  240,20130625,  133,   73
  240,20130626,  133,   79
  240,20130627,  126,   79
  240,20130628,  141,   88
  240,20130629,  138,   79
  240,20130630,  169,   76
  240,20130701,  156,   81
  240,20130702,  169,   73
  240,20130703,  162,   92
  240,20130704,  177,   84
  240,20130705,  181,   76
  240,20130706,  194,   70
  240,20130707,  196,   70
  240,20130708,  192,   69
  240,20130709,  183,   68
  240,20130710,  161,   76
  240,20130711,  150,   70
  240,20130712,  153,   80
  240,20130713,  167,   77
  240,20130714,  167,   82
  240,20130715,  189,   73
  240,20130716,  193,   69
  240,20130717,  205,   75
  240,20130718,  209,   73
  240,20130719,  207,   71
  240,20130720,  191,   78
  240,20130721,  233,   65
  240,20130722,  253,   62
  240,20130723,  241,   71
  240,20130724,  203,   77
  240,20130725,  209,   75
  240,20130726,  212,   84
  240,20130727,  214,   88
  240,20130728,  203,   75
  240,20130729,  202,   72
  240,20130730,  176,   88
  240,20130731,  195,   83
  240,20130801,  246,   70
  240,20130802,  245,   70
  240,20130803,  197,   70
  240,20130804,  196,   70
  240,20130805,  217,   68
  240,20130806,  184,   76
  240,20130807,  162,   83
  240,20130808,  172,   74
  240,20130809,  181,   77
  240,20130810,  164,   72
  240,20130811,  176,   76
  240,20130812,  169,   72
  240,20130813,  155,   72
  240,20130814,  166,   65
  240,20130815,  168,   84
  240,20130816,  192,   77
  240,20130817,  200,   77
  240,20130818,  187,   82
  240,20130819,  165,   80
  240,20130820,  166,   71
  240,20130821,  177,   74
  240,20130822,  179,   83
  240,20130823,  204,   75
  240,20130824,  191,   77
  240,20130825,  186,   82
  240,20130826,  188,   64
  240,20130827,  187,   64
  240,20130828,  183,   76
  240,20130829,  176,   76
  240,20130830,  181,   84
  240,20130831,  167,   74
  240,20130901,  154,   68
  240,20130902,  174,   79
  240,20130903,  194,   83
  240,20130904,  199,   80
  240,20130905,  230,   69
  240,20130906,  193,   78
  240,20130907,  173,   77
  240,20130908,  145,   82
  240,20130909,  130,   87
  240,20130910,  135,   90
  240,20130911,  152,   85
  240,20130912,  152,   88
  240,20130913,  147,   91
  240,20130914,  151,   88
  240,20130915,  132,   77
  240,20130916,  121,   69
  240,20130917,  114,   80
  240,20130918,  114,   86
  240,20130919,  127,   82
  240,20130920,  136,   83
  240,20130921,  145,   83
  240,20130922,  163,   94
  240,20130923,  161,   93
  240,20130924,  149,   90
  240,20130925,  149,   88
  240,20130926,  132,   75
  240,20130927,  110,   76
  240,20130928,  124,   66
  240,20130929,  124,   68
  240,20130930,  114,   69
  240,20131001,  106,   71
  240,20131002,  107,   66
  240,20131003,  127,   63
  240,20131004,  159,   87
  240,20131005,  146,   91
  240,20131006,  125,   83
  240,20131007,  123,   89
  240,20131008,  149,   92
  240,20131009,  130,   81
  240,20131010,   93,   86
  240,20131011,   90,   95
  240,20131012,   91,   91
  240,20131013,   85,   94
  240,20131014,  102,   93
  240,20131015,   91,   95
  240,20131016,  103,   93
  240,20131017,  128,   82
  240,20131018,  113,   94
  240,20131019,  127,   91
  240,20131020,  143,   90
  240,20131021,  145,   90
  240,20131022,  169,   85
  240,20131023,  155,   84
  240,20131024,  113,   82
  240,20131025,  144,   90
  240,20131026,  151,   86
  240,20131027,  143,   80
  240,20131028,  133,   81
  240,20131029,  106,   82
  240,20131030,  102,   77
  240,20131031,  104,   86
  240,20131101,  111,   93
  240,20131102,  106,   94
  240,20131103,   95,   77
  240,20131104,   84,   88
  240,20131105,   74,   88
  240,20131106,  109,   83
  240,20131107,  109,   86
  240,20131108,   79,   93
  240,20131109,   83,   81
  240,20131110,   61,   84
  240,20131111,   66,   84
  240,20131112,   74,   93
  240,20131113,   62,   88
  240,20131114,   75,   89
  240,20131115,   61,   91
  240,20131116,   54,   98
  240,20131117,   74,   95
  240,20131118,   60,   91
  240,20131119,   58,   88
  240,20131120,   28,   88
  240,20131121,   30,   86
  240,20131122,   46,   88
  240,20131123,   53,   84
  240,20131124,   66,   81
  240,20131125,   54,   82
  240,20131126,   56,   89
  240,20131127,   78,   93
  240,20131128,   88,   90
  240,20131129,   76,   81
  240,20131130,   63,   87
  240,20131201,   69,   89
  240,20131202,   42,   89
  240,20131203,   28,   91
  240,20131204,   58,   87
  240,20131205,   61,   75
  240,20131206,   39,   70
  240,20131207,   64,   86
  240,20131208,   90,   88
  240,20131209,   90,   90
  240,20131210,   34,   90
  240,20131211,   14,   95
  240,20131212,   18,   94
  240,20131213,   22,   97
  240,20131214,   63,   90
  240,20131215,   81,   87
  240,20131216,   98,   78
  240,20131217,   62,   94
  240,20131218,   74,   86
  240,20131219,   68,   87
  240,20131220,   60,   86
  240,20131221,   71,   88
  240,20131222,   80,   85
  240,20131223,   77,   85
  240,20131224,   99,   82
  240,20131225,   57,   89
  240,20131226,   51,   91
  240,20131227,   73,   89
  240,20131228,   63,   90
  240,20131229,   47,   90
  240,20131230,   52,   88
  240,20131231,   66,   83
  240,20140101,   68,   89
  240,20140102,   83,   88
  240,20140103,   85,   86
  240,20140104,   76,   86
  240,20140105,   57,   86
  240,20140106,  107,   87
  240,20140107,  101,   81
  240,20140108,   83,   92
  240,20140109,   91,   86
  240,20140110,   69,   85
  240,20140111,   56,   86
  240,20140112,   27,   88
  240,20140113,   61,   90
  240,20140114,   49,   94
  240,20140115,   46,   94
  240,20140116,   73,   94
  240,20140117,   72,   88
  240,20140118,   67,   84
  240,20140119,   58,   86
  240,20140120,   41,   94
  240,20140121,   35,   97
  240,20140122,   31,   87
  240,20140123,   36,   95
  240,20140124,   48,   93
  240,20140125,   41,   86
  240,20140126,   54,   86
  240,20140127,   40,   86
  240,20140128,   44,   80
  240,20140129,    3,   84
  240,20140130,    2,   84
  240,20140131,   27,   86
  240,20140201,   61,   85
  240,20140202,   46,   84
  240,20140203,   40,   83
  240,20140204,   59,   78
  240,20140205,   70,   80
  240,20140206,   72,   83
  240,20140207,   74,   90
  240,20140208,   69,   85
  240,20140209,   56,   79
  240,20140210,   50,   85
  240,20140211,   52,   87
  240,20140212,   55,   83
  240,20140213,   51,   84
  240,20140214,   51,   89
  240,20140215,   95,   69
  240,20140216,   57,   80
  240,20140217,   60,   87
  240,20140218,   63,   84
  240,20140219,   77,   90
  240,20140220,   81,   93
  240,20140221,   67,   83
  240,20140222,   61,   85
  240,20140223,   75,   83
  240,20140224,   78,   77
  240,20140225,   81,   82
  240,20140226,   61,   87
  240,20140227,   48,   92
  240,20140228,   53,   86
  240,20140301,   59,   88
  240,20140302,   61,   78
  240,20140303,   52,   83
  240,20140304,   60,   83
  240,20140305,   59,   84
  240,20140306,   71,   78
  240,20140307,   73,   80
  240,20140308,   91,   77
  240,20140309,  109,   64
  240,20140310,   95,   79
  240,20140311,   83,   81
  240,20140312,   88,   78
  240,20140313,   86,   78
  240,20140314,   63,   92
  240,20140315,   96,   78
  240,20140316,  102,   80
  240,20140317,  101,   79
  240,20140318,   94,   84
  240,20140319,  101,   78
  240,20140320,  125,   68
  240,20140321,   77,   82
  240,20140322,   65,   77
  240,20140323,   56,   83
  240,20140324,   52,   73
  240,20140325,   59,   73
  240,20140326,   47,   79
  240,20140327,   85,   68
  240,20140328,  107,   66
  240,20140329,  117,   65
  240,20140330,  135,   63
  240,20140331,  146,   66
  240,20140401,  128,   72
  240,20140402,  129,   78
  240,20140403,  144,   75
  240,20140404,  121,   85
  240,20140405,  121,   77
  240,20140406,  132,   87
  240,20140407,  148,   85
  240,20140408,   90,   78
  240,20140409,  103,   78
  240,20140410,  116,   81
  240,20140411,  103,   81
  240,20140412,   97,   76
  240,20140413,  103,   71
  240,20140414,   87,   71
  240,20140415,   68,   70
  240,20140416,   88,   65
  240,20140417,  107,   65
  240,20140418,   80,   76
  240,20140419,  106,   75
  240,20140420,  155,   64
  240,20140421,  122,   83
  240,20140422,  131,   75
  240,20140423,  140,   77
  240,20140424,  144,   83
  240,20140425,  166,   79
  240,20140426,  136,   75
  240,20140427,  117,   87
  240,20140428,  131,   85
  240,20140429,  129,   90
  240,20140430,  115,   93
  240,20140501,  127,   84
  240,20140502,   99,   73
  240,20140503,   84,   68
  240,20140504,   88,   72
  240,20140505,  129,   60
  240,20140506,  144,   67
  240,20140507,  135,   75
  240,20140508,  126,   85
  240,20140509,  126,   81
  240,20140510,  117,   89
  240,20140511,  108,   85
  240,20140512,  110,   83
  240,20140513,  105,   76
  240,20140514,  101,   74
  240,20140515,  105,   69
  240,20140516,  127,   68
  240,20140517,  148,   72
  240,20140518,  169,   70
  240,20140519,  187,   66
  240,20140520,  198,   63
  240,20140521,  179,   80
  240,20140522,  178,   69
  240,20140523,  164,   70
  240,20140524,  159,   68
  240,20140525,  156,   74
  240,20140526,  164,   84
  240,20140527,  159,   92
  240,20140528,  133,   96
  240,20140529,  105,   89
  240,20140530,  127,   70
  240,20140531,  135,   72
  240,20140601,  137,   72
  240,20140602,  141,   75
  240,20140603,  153,   78
  240,20140604,  150,   87
  240,20140605,  127,   75
  240,20140606,  164,   65
  240,20140607,  199,   71
  240,20140608,  193,   78
  240,20140609,  219,   80
  240,20140610,  191,   79
  240,20140611,  166,   74
  240,20140612,  172,   73
  240,20140613,  172,   74
  240,20140614,  157,   68
  240,20140615,  152,   68
  240,20140616,  150,   74
  240,20140617,  150,   76
  240,20140618,  156,   79
  240,20140619,  141,   82
  240,20140620,  137,   80
  240,20140621,  155,   77
  240,20140622,  149,   75
  240,20140623,  159,   75
  240,20140624,  161,   73
  240,20140625,  146,   69
  240,20140626,  166,   69
  240,20140627,  169,   78
  240,20140628,  165,   79
  240,20140629,  156,   75
  240,20140630,  139,   78
  240,20140701,  148,   71
  240,20140702,  152,   70
  240,20140703,  189,   61
  240,20140704,  220,   60
  240,20140705,  193,   84
  240,20140706,  183,   87
  240,20140707,  174,   76
  240,20140708,  150,   91
  240,20140709,  156,   95
  240,20140710,  213,   85
  240,20140711,  197,   88
  240,20140712,  187,   86
  240,20140713,  188,   84
  240,20140714,  178,   84
  240,20140715,  173,   85
  240,20140716,  197,   75
  240,20140717,  220,   70
  240,20140718,  250,   64
  240,20140719,  264,   61
  240,20140720,  213,   83
  240,20140721,  194,   94
  240,20140722,  225,   74
  240,20140723,  235,   65
  240,20140724,  221,   63
  240,20140725,  190,   80
  240,20140726,  204,   89
  240,20140727,  198,   87
  240,20140728,  195,   91
  240,20140729,  207,   85
  240,20140730,  177,   80
  240,20140731,  195,   73
  240,20140801,  199,   75
  240,20140802,  212,   78
  240,20140803,  197,   74
  240,20140804,  183,   77
  240,20140805,  187,   75
  240,20140806,  181,   82
  240,20140807,  195,   81
  240,20140808,  191,   89
  240,20140809,  189,   75
  240,20140810,  186,   81
  240,20140811,  178,   69
  240,20140812,  164,   74
  240,20140813,  170,   76
  240,20140814,  164,   81
  240,20140815,  158,   82
  240,20140816,  163,   74
  240,20140817,  160,   76
  240,20140818,  142,   82
  240,20140819,  130,   84
  240,20140820,  125,   81
  240,20140821,  137,   78
  240,20140822,  133,   89
  240,20140823,  123,   82
  240,20140824,  129,   80
  240,20140825,  131,   88
  240,20140826,  141,   87
  240,20140827,  148,   79
  240,20140828,  167,   88
  240,20140829,  172,   80
  240,20140830,  166,   88
  240,20140831,  149,   87
  240,20140901,  156,   81
  240,20140902,  174,   81
  240,20140903,  172,   79
  240,20140904,  180,   80
  240,20140905,  185,   83
  240,20140906,  176,   90
  240,20140907,  171,   85
  240,20140908,  147,   78
  240,20140909,  152,   78
  240,20140910,  144,   76
  240,20140911,  162,   82
  240,20140912,  166,   84
  240,20140913,  172,   85
  240,20140914,  165,   85
  240,20140915,  172,   85
  240,20140916,  186,   86
  240,20140917,  190,   82
  240,20140918,  194,   82
  240,20140919,  186,   90
  240,20140920,  179,   90
  240,20140921,  159,   76
  240,20140922,  141,   65
  240,20140923,  136,   78
  240,20140924,  136,   87
  240,20140925,  149,   78
  240,20140926,  163,   89
  240,20140927,  156,   82
  240,20140928,  163,   83
  240,20140929,  163,   93
  240,20140930,  157,   91
  240,20141001,  162,   89
  240,20141002,  161,   88
  240,20141003,  156,   86
  240,20141004,  155,   85
  240,20141005,  131,   77
  240,20141006,  136,   88
  240,20141007,  125,   85
  240,20141008,  128,   92
  240,20141009,  146,   81
  240,20141010,  136,   85
  240,20141011,  118,   94
  240,20141012,  128,   89
  240,20141013,  144,   89
  240,20141014,  123,   93
  240,20141015,  137,   88
  240,20141016,  143,   92
  240,20141017,  146,   92
  240,20141018,  174,   86
  240,20141019,  169,   87
  240,20141020,  150,   82
  240,20141021,  118,   84
  240,20141022,  104,   79
  240,20141023,  125,   88
  240,20141024,  119,   94
  240,20141025,  121,   87
  240,20141026,  126,   85
  240,20141027,  128,   83
  240,20141028,   91,   96
  240,20141029,  114,   95
  240,20141030,  128,   97
  240,20141031,  131,   93
  240,20141101,  144,   89
  240,20141102,  142,   85
  240,20141103,  121,   89
  240,20141104,   87,   95
  240,20141105,   65,   98
  240,20141106,   54,   97
  240,20141107,   78,   89
  240,20141108,   98,   86
  240,20141109,   99,   87
  240,20141110,   95,   88
  240,20141111,   92,   91
  240,20141112,   94,   92
  240,20141113,   84,   93
  240,20141114,   98,   92
  240,20141115,   95,   97
  240,20141116,   86,   98
  240,20141117,   96,   91
  240,20141118,   81,   93
  240,20141119,   81,   94
  240,20141120,   71,   90
  240,20141121,   57,   83
  240,20141122,   83,   88
  240,20141123,  106,   92
  240,20141124,   73,   84
  240,20141125,   51,   90
  240,20141126,   51,   87
  240,20141127,   74,   93
  240,20141128,   65,   87
  240,20141129,   30,   87
  240,20141130,   24,   96
  240,20141201,   15,   88
  240,20141202,   12,   91
  240,20141203,   -1,   85
  240,20141204,   -1,   87
  240,20141205,   37,   92
  240,20141206,   44,   92
  240,20141207,   45,   87
  240,20141208,   47,   83
  240,20141209,   33,   89
  240,20141210,   74,   74
  240,20141211,   73,   73
  240,20141212,   73,   85
  240,20141213,   47,   88
  240,20141214,   27,   88
  240,20141215,   58,   90
  240,20141216,   53,   86
  240,20141217,   84,   93
  240,20141218,  116,   91
  240,20141219,   93,   79
  240,20141220,   78,   74
  240,20141221,   83,   84
  240,20141222,  116,   85
  240,20141223,  111,   79
  240,20141224,   83,   81
  240,20141225,   54,   81
  240,20141226,   27,   92
  240,20141227,   15,   86
  240,20141228,    7,   76
  240,20141229,   47,   85
  240,20141230,   55,   81
  240,20141231,   57,   87
  240,20150101,   35,   84
  240,20150102,   76,   74
  240,20150103,   46,   85
  240,20150104,   35,   84
  240,20150105,   29,   93
  240,20150106,   32,   89
  240,20150107,   42,   89
  240,20150108,   68,   92
  240,20150109,   98,   86
  240,20150110,   92,   76
  240,20150111,   66,   71
  240,20150112,   90,   85
  240,20150113,   83,   90
  240,20150114,   44,   82
  240,20150115,   77,   84
  240,20150116,   51,   85
  240,20150117,   27,   82
  240,20150118,   25,   94
  240,20150119,    2,   99
  240,20150120,    6,   94
  240,20150121,   -3,   82
  240,20150122,   -8,   84
  240,20150123,  -29,   96
  240,20150124,   24,   86
  240,20150125,   45,   91
  240,20150126,   66,   88
  240,20150127,   55,   88
  240,20150128,   52,   84
  240,20150129,   30,   81
  240,20150130,   13,   91
  240,20150131,   15,   89
  240,20150201,   29,   90
  240,20150202,   25,   86
  240,20150203,   13,   88
  240,20150204,   -1,   90
  240,20150205,   -1,   85
  240,20150206,    0,   80
  240,20150207,   24,   93
  240,20150208,   51,   77
  240,20150209,   59,   91
  240,20150210,   58,   87
  240,20150211,   43,   83
  240,20150212,   36,   87
  240,20150213,   55,   80
  240,20150214,   69,   78
  240,20150215,   25,   85
  240,20150216,   13,   92
  240,20150217,   39,   92
  240,20150218,   25,   85
  240,20150219,   37,   82
  240,20150220,   52,   95
  240,20150221,   31,   90
  240,20150222,   30,   84
  240,20150223,   60,   80
  240,20150224,   55,   81
  240,20150225,   42,   92
  240,20150226,   62,   97
  240,20150227,   43,   80
  240,20150228,   52,   76
  240,20150301,   79,   78
  240,20150302,   52,   74
  240,20150303,   47,   82
  240,20150304,   54,   80
  240,20150305,   54,   85
  240,20150306,   64,   79
  240,20150307,   77,   73
  240,20150308,   82,   80
  240,20150309,   80,   87
  240,20150310,   71,   83
  240,20150311,   38,   77
  240,20150312,   63,   68
  240,20150313,   48,   71
  240,20150314,   42,   82
  240,20150315,   57,   81
  240,20150316,   68,   78
  240,20150317,   83,   77
  240,20150318,   55,   96
  240,20150319,   77,   82
  240,20150320,   49,   85
  240,20150321,   65,   85
  240,20150322,   45,   71
  240,20150323,   34,   81
  240,20150324,   54,   89
  240,20150325,   59,   89
  240,20150326,   47,   88
  240,20150327,   59,   84
  240,20150328,   71,   90
  240,20150329,   89,   87
  240,20150330,   70,   72
  240,20150331,   85,   72
  240,20150401,   67,   73
  240,20150402,   62,   74
  240,20150403,   71,   69
  240,20150404,   52,   76
  240,20150405,   50,   74
  240,20150406,   75,   81
  240,20150407,   65,   89
  240,20150408,   83,   88
  240,20150409,  105,   79
  240,20150410,  113,   74
  240,20150411,   89,   80
  240,20150412,   97,   70
  240,20150413,   79,   74
  240,20150414,  107,   75
  240,20150415,  127,   72
  240,20150416,   96,   66
  240,20150417,   85,   71
  240,20150418,   88,   68
  240,20150419,   82,   72
  240,20150420,  111,   67
  240,20150421,   99,   74
  240,20150422,   84,   81
  240,20150423,   96,   77
  240,20150424,  118,   71
  240,20150425,  120,   83
  240,20150426,   98,   88
  240,20150427,   74,   65
  240,20150428,   67,   68
  240,20150429,   84,   73
  240,20150430,   90,   74
  240,20150501,   85,   68
  240,20150502,   96,   62
  240,20150503,  124,   81
  240,20150504,  149,   73
  240,20150505,  153,   74
  240,20150506,  121,   71
  240,20150507,  119,   73
  240,20150508,  139,   69
  240,20150509,  128,   78
  240,20150510,  126,   75
  240,20150511,  168,   68
  240,20150512,  141,   71
  240,20150513,  118,   71
  240,20150514,  113,   66
  240,20150515,   93,   71
  240,20150516,  110,   80
  240,20150517,  117,   66
  240,20150518,  107,   82
  240,20150519,  106,   73
  240,20150520,  100,   77
  240,20150521,  122,   71
  240,20150522,  144,   74
  240,20150523,  121,   76
  240,20150524,  122,   72
  240,20150525,  120,   74
  240,20150526,  118,   69
  240,20150527,  133,   73
  240,20150528,  129,   72
  240,20150529,  113,   81
  240,20150530,  115,   68
  240,20150531,  123,   86
  240,20150601,  126,   63
  240,20150602,  144,   80
  240,20150603,  140,   74
  240,20150604,  155,   67
  240,20150605,  205,   70
  240,20150606,  149,   64
  240,20150607,  133,   68
  240,20150608,  126,   67
  240,20150609,  117,   69
  240,20150610,  151,   68
  240,20150611,  176,   58
  240,20150612,  207,   60
  240,20150613,  165,   81
  240,20150614,  144,   84
  240,20150615,  130,   61
  240,20150616,  124,   69
  240,20150617,  160,   75
  240,20150618,  136,   77
  240,20150619,  133,   77
  240,20150620,  131,   78
  240,20150621,  146,   84
  240,20150622,  130,   76
  240,20150623,  127,   81
  240,20150624,  160,   69
  240,20150625,  180,   69
  240,20150626,  202,   59
  240,20150627,  170,   79
  240,20150628,  177,   71
  240,20150629,  182,   70
  240,20150630,  206,   63
  240,20150701,  261,   49
  240,20150702,  244,   65
  240,20150703,  238,   71
  240,20150704,  239,   70
  240,20150705,  197,   77
  240,20150706,  183,   67
  240,20150707,  197,   68
  240,20150708,  159,   77
  240,20150709,  136,   68
  240,20150710,  172,   63
  240,20150711,  201,   61
  240,20150712,  180,   80
  240,20150713,  179,   88
  240,20150714,  178,   86
  240,20150715,  174,   93
  240,20150716,  191,   71
  240,20150717,  212,   72
  240,20150718,  178,   63
  240,20150719,  161,   80
  240,20150720,  179,   85
  240,20150721,  199,   70
  240,20150722,  190,   71
  240,20150723,  174,   66
  240,20150724,  189,   69
  240,20150725,  150,   87
  240,20150726,  148,   81
  240,20150727,  169,   86
  240,20150728,  158,   81
  240,20150729,  145,   75
  240,20150730,  139,   73
  240,20150731,  139,   66
  240,20150801,  158,   61
  240,20150802,  182,   65
  240,20150803,  208,   66
  240,20150804,  179,   78
  240,20150805,  191,   64
  240,20150806,  199,   73
  240,20150807,  194,   77
  240,20150808,  184,   71
  240,20150809,  191,   71
  240,20150810,  195,   78
  240,20150811,  199,   82
  240,20150812,  192,   78
  240,20150813,  216,   79
  240,20150814,  212,   84
  240,20150815,  179,   88
  240,20150816,  157,   79
  240,20150817,  145,   96
  240,20150818,  151,   90
  240,20150819,  171,   79
  240,20150820,  188,   73
  240,20150821,  204,   77
  240,20150822,  214,   61
  240,20150823,  201,   64
  240,20150824,  177,   88
  240,20150825,  168,   79
  240,20150826,  196,   83
  240,20150827,  158,   90
  240,20150828,  159,   78
  240,20150829,  174,   71
  240,20150830,  197,   80
  240,20150831,  203,   91
  240,20150901,  157,   80
  240,20150902,  140,   78
  240,20150903,  129,   84
  240,20150904,  139,   92
  240,20150905,  137,   77
  240,20150906,  132,   79
  240,20150907,  143,   88
  240,20150908,  143,   83
  240,20150909,  141,   80
  240,20150910,  148,   72
  240,20150911,  146,   76
  240,20150912,  158,   82
  240,20150913,  163,   82
  240,20150914,  141,   89
  240,20150915,  121,   84
  240,20150916,  150,   91
  240,20150917,  140,   91
  240,20150918,  136,   88
  240,20150919,  137,   85
  240,20150920,  140,   85
  240,20150921,  146,   85
  240,20150922,  128,   92
  240,20150923,  133,   90
  240,20150924,  130,   95
  240,20150925,  125,   86
  240,20150926,  118,   82
  240,20150927,  123,   83
  240,20150928,  123,   84
  240,20150929,  126,   76
  240,20150930,  131,   74
  240,20151001,  120,   79
  240,20151002,  118,   81
  240,20151003,  118,   86
  240,20151004,  112,   92
  240,20151005,  131,   89
  240,20151006,  155,   94
  240,20151007,  148,   94
  240,20151008,  133,   87
  240,20151009,  121,   88
  240,20151010,  116,   81
  240,20151011,   73,   69
  240,20151012,   54,   79
  240,20151013,   64,   79
  240,20151014,   65,   90
  240,20151015,   72,   92
  240,20151016,   84,   95
  240,20151017,   90,   98
  240,20151018,   91,   96
  240,20151019,  110,   92
  240,20151020,   97,   92
  240,20151021,  102,   95
  240,20151022,  121,   89
  240,20151023,  115,   81
  240,20151024,  117,   80
  240,20151025,   97,   83
  240,20151026,  110,   86
  240,20151027,  115,   89
  240,20151028,  108,   93
  240,20151029,  108,   92
  240,20151030,  104,   90
  240,20151031,   97,   89
  240,20151101,   74,   99
  240,20151102,   86,   94
  240,20151103,   97,   84
  240,20151104,  121,   87
  240,20151105,  131,   96
  240,20151106,  152,   94
  240,20151107,  159,   91
  240,20151108,  128,   91
  240,20151109,  136,   85
  240,20151110,  146,   92
  240,20151111,  130,   90
  240,20151112,  133,   87
  240,20151113,  113,   73
  240,20151114,  101,   78
  240,20151115,  143,   87
  240,20151116,  126,   85
  240,20151117,  133,   90
  240,20151118,  128,   77
  240,20151119,  113,   78
  240,20151120,   80,   74
  240,20151121,   50,   86
  240,20151122,   27,   86
  240,20151123,   35,   84
  240,20151124,   49,   93
  240,20151125,   64,   88
  240,20151126,   50,   89
  240,20151127,   57,   95
  240,20151128,   70,   83
  240,20151129,  105,   81
  240,20151130,   93,   82
  240,20151201,   98,   88
  240,20151202,  106,   80
  240,20151203,   95,   83
  240,20151204,   95,   85
  240,20151205,   81,   81
  240,20151206,  107,   87
  240,20151207,  107,   93
  240,20151208,   96,   91
  240,20151209,   77,   82
  240,20151210,   65,   86
  240,20151211,   77,   85
  240,20151212,   82,   86
  240,20151213,   70,   89
  240,20151214,   72,   95
  240,20151215,   72,   93
  240,20151216,  116,   94
  240,20151217,  128,   88
  240,20151218,  114,   89
  240,20151219,  121,   93
  240,20151220,  114,   85
  240,20151221,   99,   87
  240,20151222,  123,   91
  240,20151223,  100,   83
  240,20151224,   94,   86
  240,20151225,   92,   87
  240,20151226,  129,   83
  240,20151227,  118,   85
  240,20151228,   91,   83
  240,20151229,   76,   89
  240,20151230,   74,   87
  240,20151231,   76,   85
  240,20160101,   52,   94
  240,20160102,   56,   93
  240,20160103,   70,   91
  240,20160104,   59,   97
  240,20160105,   66,   92
  240,20160106,   26,   97
  240,20160107,   60,   88
  240,20160108,   56,   80
  240,20160109,   55,   94
  240,20160110,   65,   86
  240,20160111,   50,   94
  240,20160112,   65,   86
  240,20160113,   47,   86
  240,20160114,   35,   93
  240,20160115,   22,   91
  240,20160116,   30,   82
  240,20160117,   -8,   79
  240,20160118,  -29,   80
  240,20160119,  -16,   89
  240,20160120,   20,   92
  240,20160121,  -10,   98
  240,20160122,   13,   89
  240,20160123,   72,   95
  240,20160124,   80,   98
  240,20160125,  104,   87
  240,20160126,   88,   87
  240,20160127,  107,   91
  240,20160128,   64,   75
  240,20160129,   92,   85
  240,20160130,   74,   77
  240,20160131,   71,   82
  240,20160201,  113,   84
  240,20160202,   87,   67
  240,20160203,   51,   77
  240,20160204,   57,   87
  240,20160205,   88,   87
  240,20160206,   94,   80
  240,20160207,   83,   76
  240,20160208,   85,   79
  240,20160209,   56,   82
  240,20160210,   52,   84
  240,20160211,   40,   81
  240,20160212,   24,   91
  240,20160213,   17,   87
  240,20160214,   24,   92
  240,20160215,   27,   74
  240,20160216,    2,   80
  240,20160217,  -10,   82
  240,20160218,   10,   89
  240,20160219,   37,   84
  240,20160220,   83,   91
  240,20160221,  104,   90
  240,20160222,   66,   83
  240,20160223,   40,   84
  240,20160224,   21,   86
  240,20160225,   17,   87
  240,20160226,   18,   84
  240,20160227,   27,   72
  240,20160228,   28,   79
  240,20160229,   23,   78
  240,20160301,   30,   89
  240,20160302,   52,   86
  240,20160303,   36,   82
  240,20160304,   17,   92
  240,20160305,   21,   85
  240,20160306,   26,   89
  240,20160307,   29,   85
  240,20160308,   38,   84
  240,20160309,   51,   68
  240,20160310,   43,   74
  240,20160311,   29,   91
  240,20160312,   37,   77
  240,20160313,   39,   75
  240,20160314,   41,   72
  240,20160315,   52,   91
  240,20160316,   49,   70
  240,20160317,   60,   71
  240,20160318,   56,   87
  240,20160319,   64,   74
  240,20160320,   67,   88
  240,20160321,   71,   87
  240,20160322,   76,   86
  240,20160323,   77,   89
  240,20160324,   79,   83
  240,20160325,   66,   92
  240,20160326,   94,   77
  240,20160327,   85,   82
  240,20160328,   92,   72
  240,20160329,   82,   79
  240,20160330,   80,   76
  240,20160331,   78,   78
  240,20160401,   82,   68
  240,20160402,  106,   71
  240,20160403,  145,   77
  240,20160404,  125,   82
  240,20160405,   99,   84
  240,20160406,   83,   85
  240,20160407,   77,   76
  240,20160408,   77,   83
  240,20160409,   98,   71
  240,20160410,  103,   76
  240,20160411,  136,   59
  240,20160412,  114,   75
  240,20160413,  103,   81
  240,20160414,  111,   76
  240,20160415,  102,   89
  240,20160416,   80,   81
  240,20160417,   64,   75
  240,20160418,   90,   72
  240,20160419,   93,   71
  240,20160420,   81,   70
  240,20160421,   96,   66
  240,20160422,   86,   70
  240,20160423,   63,   68
  240,20160424,   44,   78
  240,20160425,   49,   80
  240,20160426,   52,   81
  240,20160427,   58,   81
  240,20160428,   53,   76
  240,20160429,   77,   71
  240,20160430,   73,   74
  240,20160501,   80,   69
  240,20160502,  112,   69
  240,20160503,   95,   76
  240,20160504,  106,   66
  240,20160505,  135,   52
  240,20160506,  171,   61
  240,20160507,  201,   51
  240,20160508,  208,   44
  240,20160509,  205,   49
  240,20160510,  190,   63
  240,20160511,  202,   60
  240,20160512,  201,   56
  240,20160513,  149,   64
  240,20160514,   86,   67
  240,20160515,   84,   69
  240,20160516,   93,   74
  240,20160517,  124,   71
  240,20160518,  129,   79
  240,20160519,  133,   82
  240,20160520,  137,   82
  240,20160521,  174,   74
  240,20160522,  147,   91
  240,20160523,  119,   90
  240,20160524,  113,   77
  240,20160525,  116,   89
  240,20160526,  136,   80
  240,20160527,  157,   77
  240,20160528,  177,   78
  240,20160529,  171,   82
  240,20160530,  161,   90
  240,20160531,  190,   78
  240,20160601,  188,   83
  240,20160602,  138,   92
  240,20160603,  152,   92
  240,20160604,  205,   75
  240,20160605,  190,   72
  240,20160606,  181,   72
  240,20160607,  194,   71
  240,20160608,  157,   77
  240,20160609,  145,   71
  240,20160610,  160,   71
  240,20160611,  159,   79
  240,20160612,  171,   76
  240,20160613,  156,   89
  240,20160614,  152,   86
  240,20160615,  142,   88
  240,20160616,  159,   77
  240,20160617,  154,   82
  240,20160618,  139,   83
  240,20160619,  155,   69
  240,20160620,  155,   93
  240,20160621,  165,   89
  240,20160622,  198,   79
  240,20160623,  210,   90
  240,20160624,  185,   85
  240,20160625,  154,   84
  240,20160626,  158,   78
  240,20160627,  155,   83
  240,20160628,  161,   81
  240,20160629,  160,   80
  240,20160630,  161,   90
  240,20160701,  163,   88
  240,20160702,  155,   71
  240,20160703,  154,   76
  240,20160704,  174,   72
  240,20160705,  154,   84
  240,20160706,  149,   75
  240,20160707,  170,   71
  240,20160708,  172,   84
  240,20160709,  192,   74
  240,20160710,  202,   75
  240,20160711,  185,   71
  240,20160712,  173,   79
  240,20160713,  152,   78
  240,20160714,  149,   72
  240,20160715,  168,   70
  240,20160716,  194,   82
  240,20160717,  193,   80
  240,20160718,  200,   68
  240,20160719,  227,   63
  240,20160720,  247,   62
  240,20160721,  206,   82
  240,20160722,  212,   82
  240,20160723,  212,   80
  240,20160724,  204,   79
  240,20160725,  185,   82
  240,20160726,  192,   70
  240,20160727,  180,   88
  240,20160728,  186,   86
  240,20160729,  186,   83
  240,20160730,  184,   80
  240,20160731,  166,   77
  240,20160801,  170,   72
  240,20160802,  168,   93
  240,20160803,  192,   84
  240,20160804,  182,   76
  240,20160805,  173,   80
  240,20160806,  170,   79
  240,20160807,  187,   82
  240,20160808,  173,   73
  240,20160809,  143,   76
  240,20160810,  130,   74
  240,20160811,  147,   91
  240,20160812,  186,   84
  240,20160813,  178,   83
  240,20160814,  169,   78
  240,20160815,  166,   74
  240,20160816,  169,   74
  240,20160817,  178,   68
  240,20160818,  179,   74
  240,20160819,  184,   83
  240,20160820,  181,   76
  240,20160821,  170,   86
  240,20160822,  183,   86
  240,20160823,  213,   73
  240,20160824,  239,   67
  240,20160825,  247,   70
  240,20160826,  209,   77
  240,20160827,  211,   75
  240,20160828,  202,   83
  240,20160829,  172,   79
  240,20160830,  172,   80
  240,20160831,  184,   73
  240,20160901,  180,   79
  240,20160902,  174,   82
  240,20160903,  187,   81
  240,20160904,  181,   81
  240,20160905,  175,   81
  240,20160906,  186,   88
  240,20160907,  200,   77
  240,20160908,  200,   76
  240,20160909,  180,   79
  240,20160910,  195,   72
  240,20160911,  191,   84
  240,20160912,  218,   77
  240,20160913,  242,   68
  240,20160914,  237,   69
  240,20160915,  220,   72
  240,20160916,  178,   83
  240,20160917,  175,   85
  240,20160918,  173,   78
  240,20160919,  161,   78
  240,20160920,  157,   75
  240,20160921,  159,   68
  240,20160922,  158,   76
  240,20160923,  146,   75
  240,20160924,  163,   70
  240,20160925,  161,   73
  240,20160926,  143,   79
  240,20160927,  151,   73
  240,20160928,  183,   78
  240,20160929,  158,   87
  240,20160930,  141,   75
  240,20161001,  131,   85
  240,20161002,  124,   89
  240,20161003,  147,   81
  240,20161004,  134,   77
  240,20161005,  105,   69
  240,20161006,  105,   73
  240,20161007,  125,   79
  240,20161008,  113,   75
  240,20161009,   90,   85
  240,20161010,   88,   81
  240,20161011,   93,   84
  240,20161012,   94,   79
  240,20161013,   91,   79
  240,20161014,   98,   79
  240,20161015,  110,   92
  240,20161016,  134,   81
  240,20161017,  127,   89
  240,20161018,  104,   87
  240,20161019,   99,   83
  240,20161020,   96,   89
  240,20161021,   82,   88
  240,20161022,   69,   89
  240,20161023,   58,   84
  240,20161024,   78,   88
  240,20161025,   90,   88
  240,20161026,  101,   89
  240,20161027,  118,   91
  240,20161028,  132,   87
  240,20161029,   98,   88
  240,20161030,   94,   93
  240,20161031,   97,   88
  240,20161101,   92,   91
  240,20161102,   74,   85
  240,20161103,   74,   90
  240,20161104,   79,   86
  240,20161105,   74,   86
  240,20161106,   68,   88
  240,20161107,   49,   88
  240,20161108,   16,   94
  240,20161109,   32,   95
  240,20161110,   42,   93
  240,20161111,   26,   85
  240,20161112,   24,   86
  240,20161113,   36,   95
  240,20161114,   37,   97
  240,20161115,  112,   97
  240,20161116,  120,   89
  240,20161117,   91,   87
  240,20161118,   62,   83
  240,20161119,   55,   86
  240,20161120,   77,   84
  240,20161121,  116,   89
  240,20161122,  102,   79
  240,20161123,   83,   91
  240,20161124,   69,   80
  240,20161125,   44,   73
  240,20161126,   24,   87
  240,20161127,   69,   80
  240,20161128,   10,   76
  240,20161129,  -14,   83
  240,20161130,   36,   87
  240,20161201,   91,   86
  240,20161202,   63,   89
  240,20161203,   16,   90
  240,20161204,   -5,   83
  240,20161205,  -10,   82
  240,20161206,   11,   89
  240,20161207,   61,   85
  240,20161208,   79,   80
  240,20161209,   94,   94
  240,20161210,   81,   95
  240,20161211,   86,   88
  240,20161212,   56,   94
  240,20161213,   66,   97
  240,20161214,   74,   97
  240,20161215,   64,   95
  240,20161216,   54,   90
  240,20161217,   65,   93
  240,20161218,   58,   94
  240,20161219,   50,   90
  240,20161220,    1,   94
  240,20161221,   42,   91
  240,20161222,   56,   95
  240,20161223,   60,   91
  240,20161224,   86,   79
  240,20161225,  106,   86
  240,20161226,   82,   73
  240,20161227,   65,   87
  240,20161228,   10,   97
  240,20161229,  -18,   98
  240,20161230,    4,   97
  240,20161231,   37,   98
  240,20170101,   16,   97
  240,20170102,   32,   83
  240,20170103,   57,   85
  240,20170104,   59,   76
  240,20170105,    3,   79
  240,20170106,  -25,   78
  240,20170107,    7,   97
  240,20170108,   44,   92
  240,20170109,   54,   96
  240,20170110,   57,   92
  240,20170111,   72,   78
  240,20170112,   53,   81
  240,20170113,   37,   78
  240,20170114,   25,   82
  240,20170115,   11,   90
  240,20170116,   -8,   88
  240,20170117,  -35,   91
  240,20170118,  -34,   97
  240,20170119,  -14,   79
  240,20170120,    3,   74
  240,20170121,    4,   89
  240,20170122,  -16,   91
  240,20170123,    0,   96
  240,20170124,   13,   97
  240,20170125,   -9,   88
  240,20170126,  -25,   81
  240,20170127,    8,   76
  240,20170128,   57,   74
  240,20170129,   44,   90
  240,20170130,   50,   91
  240,20170131,   40,   83
  240,20170201,   37,   88
  240,20170202,   89,   88
  240,20170203,   84,   85
  240,20170204,   54,   92
  240,20170205,   40,   93
  240,20170206,   44,   91
  240,20170207,   24,   92
  240,20170208,   -1,   89
  240,20170209,  -14,   82
  240,20170210,  -22,   85
  240,20170211,   -4,   90
  240,20170212,    3,   85
  240,20170213,   16,   77
  240,20170214,   37,   69
  240,20170215,   68,   77
  240,20170216,   62,   92
  240,20170217,   69,   91
  240,20170218,   43,   94
  240,20170219,   64,   90
  240,20170220,   91,   93
  240,20170221,   91,   84
  240,20170222,   89,   91
  240,20170223,   77,   85
  240,20170224,   44,   79
  240,20170225,   58,   82
  240,20170226,   87,   88
  240,20170227,   83,   83
  240,20170228,   44,   85
  240,20170301,   61,   86
  240,20170302,   63,   81
  240,20170303,   58,   81
  240,20170304,   86,   86
  240,20170305,   68,   85
  240,20170306,   59,   89
  240,20170307,   66,   87
  240,20170308,   59,   94
  240,20170309,   73,   87
  240,20170310,   66,   73
  240,20170311,   77,   70
  240,20170312,   89,   62
  240,20170313,   63,   86
  240,20170314,   81,   89
  240,20170315,   89,   70
  240,20170316,   99,   76
  240,20170317,   81,   74
  240,20170318,   91,   92
  240,20170319,  113,   86
  240,20170320,  103,   89
  240,20170321,   71,   72
  240,20170322,   71,   66
  240,20170323,   82,   71
  240,20170324,   86,   70
  240,20170325,   87,   57
  240,20170326,   81,   79
  240,20170327,  104,   63
  240,20170328,  117,   67
  240,20170329,  124,   78
  240,20170330,  157,   66
  240,20170331,  138,   71
  240,20170401,  101,   84
  240,20170402,  100,   82
  240,20170403,   91,   84
  240,20170404,   99,   78
  240,20170405,   90,   78
  240,20170406,   80,   75
  240,20170407,  106,   77
  240,20170408,  102,   75
  240,20170409,  127,   65
  240,20170410,   92,   74
  240,20170411,   98,   71
  240,20170412,   99,   82
  240,20170413,   87,   77
  240,20170414,   99,   73
  240,20170415,   93,   75
  240,20170416,   77,   78
  240,20170417,   67,   71
  240,20170418,   64,   69
  240,20170419,   51,   56
  240,20170420,   75,   63
  240,20170421,  108,   81
  240,20170422,   78,   70
  240,20170423,   71,   74
  240,20170424,   92,   80
  240,20170425,   60,   75
  240,20170426,   57,   73
  240,20170427,   69,   71
  240,20170428,   78,   76
  240,20170429,   82,   71
  240,20170430,  130,   48
  240,20170501,  119,   69
  240,20170502,  113,   81
  240,20170503,  109,   83
  240,20170504,  106,   77
  240,20170505,   94,   79
  240,20170506,  124,   76
  240,20170507,  111,   82
  240,20170508,   98,   72
  240,20170509,   86,   69
  240,20170510,   93,   70
  240,20170511,  157,   60
  240,20170512,  154,   86
  240,20170513,  139,   85
  240,20170514,  138,   76
  240,20170515,  149,   73
  240,20170516,  201,   65
  240,20170517,  223,   61
  240,20170518,  152,   85
  240,20170519,  129,   81
  240,20170520,  134,   71
  240,20170521,  144,   71
  240,20170522,  180,   61
  240,20170523,  154,   70
  240,20170524,  155,   78
  240,20170525,  172,   72
  240,20170526,  204,   62
  240,20170527,  223,   59
  240,20170528,  189,   66
  240,20170529,  207,   75
  240,20170530,  172,   82
  240,20170531,  166,   71
  240,20170601,  170,   60
  240,20170602,  203,   59
  240,20170603,  177,   79
  240,20170604,  154,   71
  240,20170605,  170,   64
  240,20170606,  144,   74
  240,20170607,  143,   71
  240,20170608,  163,   77
  240,20170609,  161,   81
  240,20170610,  180,   71
  240,20170611,  197,   67
  240,20170612,  163,   71
  240,20170613,  162,   71
  240,20170614,  181,   68
  240,20170615,  198,   67
  240,20170616,  161,   70
  240,20170617,  186,   77
  240,20170618,  214,   70
  240,20170619,  242,   65
  240,20170620,  211,   71
  240,20170621,  207,   65
  240,20170622,  216,   73
  240,20170623,  186,   74
  240,20170624,  181,   85
  240,20170625,  173,   84
  240,20170626,  161,   68
  240,20170627,  175,   69
  240,20170628,  179,   89
  240,20170629,  171,   81
  240,20170630,  164,   85
  240,20170701,  163,   85
  240,20170702,  158,   77
  240,20170703,  172,   77
  240,20170704,  182,   69
  240,20170705,  190,   73
  240,20170706,  204,   76
  240,20170707,  198,   85
  240,20170708,  181,   77
  240,20170709,  178,   68
  240,20170710,  192,   73
  240,20170711,  182,   78
  240,20170712,  155,   80
  240,20170713,  153,   74
  240,20170714,  153,   79
  240,20170715,  173,   72
  240,20170716,  182,   89
  240,20170717,  180,   69
  240,20170718,  195,   70
  240,20170719,  229,   69
  240,20170720,  191,   84
  240,20170721,  184,   65
  240,20170722,  192,   74
  240,20170723,  163,   80
  240,20170724,  156,   84
  240,20170725,  165,   85
  240,20170726,  186,   80
  240,20170727,  182,   73
  240,20170728,  177,   78
  240,20170729,  185,   85
  240,20170730,  183,   80
  240,20170731,  182,   74
  240,20170801,  182,   71
  240,20170802,  183,   74
  240,20170803,  191,   73
  240,20170804,  186,   73
  240,20170805,  165,   78
  240,20170806,  163,   70
  240,20170807,  165,   76
  240,20170808,  166,   84
  240,20170809,  169,   77
  240,20170810,  164,   81
  240,20170811,  167,   77
  240,20170812,  170,   88
  240,20170813,  163,   78
  240,20170814,  184,   74
  240,20170815,  181,   85
  240,20170816,  174,   82
  240,20170817,  175,   87
  240,20170818,  171,   82
  240,20170819,  160,   75
  240,20170820,  163,   72
  240,20170821,  164,   81
  240,20170822,  182,   72
  240,20170823,  197,   73
  240,20170824,  182,   79
  240,20170825,  177,   79
  240,20170826,  186,   78
  240,20170827,  186,   73
  240,20170828,  195,   76
  240,20170829,  210,   77
  240,20170830,  168,   94
  240,20170831,  148,   80
  240,20170901,  147,   76
  240,20170902,  144,   76
  240,20170903,  146,   78
  240,20170904,  170,   75
  240,20170905,  186,   85
  240,20170906,  160,   78
  240,20170907,  162,   75
  240,20170908,  149,   94
  240,20170909,  141,   84
  240,20170910,  144,   84
  240,20170911,  141,   86
  240,20170912,  149,   75
  240,20170913,  147,   72
  240,20170914,  127,   80
  240,20170915,  126,   84
  240,20170916,  116,   90
  240,20170917,  119,   84
  240,20170918,  122,   87
  240,20170919,  127,   84
  240,20170920,  143,   80
  240,20170921,  144,   79
  240,20170922,  123,   90
  240,20170923,  122,   81
  240,20170924,  135,   88
  240,20170925,  146,   88
  240,20170926,  139,   91
  240,20170927,  143,   87
  240,20170928,  159,   90
  240,20170929,  168,   91
  240,20170930,  135,   89
  240,20171001,  140,   83
  240,20171002,  157,   74
  240,20171003,  139,   72
  240,20171004,  136,   69
  240,20171005,  133,   78
  240,20171006,  118,   81
  240,20171007,  127,   89
  240,20171008,  127,   82
  240,20171009,  125,   94
  240,20171010,  145,   88
  240,20171011,  148,   83
  240,20171012,  135,   76
  240,20171013,  152,   88
  240,20171014,  152,   88
  240,20171015,  160,   85
  240,20171016,  182,   81
  240,20171017,  129,   82
  240,20171018,  143,   87
  240,20171019,  160,   83
  240,20171020,  135,   85
  240,20171021,  129,   80
  240,20171022,  115,   86
  240,20171023,  128,   82
  240,20171024,  154,   93
  240,20171025,  141,   87
  240,20171026,  138,   87
  240,20171027,  117,   77
  240,20171028,  130,   80
  240,20171029,  104,   72
  240,20171030,   83,   79
  240,20171031,  110,   85
  240,20171101,  116,   86
  240,20171102,   97,   87
  240,20171103,   95,   88
  240,20171104,  108,   89
  240,20171105,   76,   83
  240,20171106,   60,   84
  240,20171107,   42,   88
  240,20171108,   62,   93
  240,20171109,   88,   92
  240,20171110,   93,   76
  240,20171111,   77,   78
  240,20171112,   60,   84
  240,20171113,   69,   78
  240,20171114,   81,   92
  240,20171115,  100,   97
  240,20171116,   95,   95
  240,20171117,   61,   80
  240,20171118,   76,   75
  240,20171119,   72,   77
  240,20171120,   85,   89
  240,20171121,  119,   92
  240,20171122,  109,   80
  240,20171123,  106,   75
  240,20171124,   67,   85
  240,20171125,   44,   81
  240,20171126,   62,   75
  240,20171127,   76,   83
  240,20171128,   57,   81
  240,20171129,   31,   94
  240,20171130,   19,   92
  240,20171201,    4,   95
  240,20171202,   -2,   97
  240,20171203,   53,   93
  240,20171204,   73,   87
  240,20171205,   84,   77
  240,20171206,   86,   75
  240,20171207,   62,   81
  240,20171208,   34,   79
  240,20171209,   34,   82
  240,20171210,    8,   94
  240,20171211,    2,   92
  240,20171212,   19,   86
  240,20171213,   37,   91
  240,20171214,   35,   87
  240,20171215,   23,   95
  240,20171216,   24,   88
  240,20171217,   27,   90
  240,20171218,   59,   88
  240,20171219,   56,   94
  240,20171220,   77,   97
  240,20171221,   84,   99
  240,20171222,   84,   97
  240,20171223,   86,   93
  240,20171224,   85,   92
  240,20171225,   76,   86
  240,20171226,   58,   83
  240,20171227,   53,   88
  240,20171228,   43,   73
  240,20171229,   32,   86
  240,20171230,   87,   84
  240,20171231,  104,   89
  240,20180101,   68,   85
  240,20180102,   66,   88
  240,20180103,   86,   77
  240,20180104,   81,   82
  240,20180105,   61,   88
  240,20180106,   46,   88
  240,20180107,   15,   77
  240,20180108,    9,   76
  240,20180109,   28,   88
  240,20180110,   67,   95
  240,20180111,   61,   96
  240,20180112,   50,   94
  240,20180113,   44,   89
  240,20180114,   28,   84
  240,20180115,   52,   90
  240,20180116,   55,   76
  240,20180117,   48,   73
  240,20180118,   48,   85
  240,20180119,   38,   82
  240,20180120,   21,   92
  240,20180121,   34,   84
  240,20180122,   61,   89
  240,20180123,   79,   91
  240,20180124,  107,   89
  240,20180125,   71,   89
  240,20180126,   50,   95
  240,20180127,   52,   89
  240,20180128,   99,   89
  240,20180129,   86,   82
  240,20180130,   44,   87
  240,20180131,   66,   83
  240,20180201,   43,   83
  240,20180202,   42,   86
  240,20180203,   23,   88
  240,20180204,   22,   78
  240,20180205,   13,   78
  240,20180206,  -15,   74
  240,20180207,  -10,   71
  240,20180208,   11,   80
  240,20180209,    5,   84
  240,20180210,   31,   86
  240,20180211,   47,   80
  240,20180212,   27,   78
  240,20180213,   19,   75
  240,20180214,   22,   66
  240,20180215,   44,   89
  240,20180216,   37,   81
  240,20180217,   21,   78
  240,20180218,   17,   84
  240,20180219,   18,   86
  240,20180220,   11,   83
  240,20180221,    7,   79
  240,20180222,    9,   72
  240,20180223,    0,   72
  240,20180224,   -2,   56
  240,20180225,  -19,   58
  240,20180226,  -25,   66
  240,20180227,  -29,   69
  240,20180228,  -66,   71
  240,20180301,  -49,   53
  240,20180302,  -35,   51
  240,20180303,  -18,   63
  240,20180304,   47,   78
  240,20180305,   64,   82
  240,20180306,   56,   78
  240,20180307,   64,   85
  240,20180308,   47,   84
  240,20180309,   65,   83
  240,20180310,  112,   91
  240,20180311,   95,   93
  240,20180312,   98,   87
  240,20180313,   55,   92
  240,20180314,   56,   80
  240,20180315,   70,   72
  240,20180316,   38,   86
  240,20180317,  -11,   56
  240,20180318,   -6,   45
  240,20180319,   -2,   51
  240,20180320,   38,   73
  240,20180321,   32,   83
  240,20180322,   64,   90
  240,20180323,   62,   80
  240,20180324,   64,   79
  240,20180325,   54,   85
  240,20180326,   47,   86
  240,20180327,   58,   88
  240,20180328,   57,   91
  240,20180329,   67,   75
  240,20180330,   90,   75
  240,20180331,   69,   86
  240,20180401,   51,   87
  240,20180402,   76,   86
  240,20180403,  119,   84
  240,20180404,  101,   85
  240,20180405,   60,   80
  240,20180406,   92,   56
  240,20180407,  142,   61
  240,20180408,  142,   76
  240,20180409,  110,   86
  240,20180410,  147,   77
  240,20180411,  130,   82
  240,20180412,  101,   90
  240,20180413,   98,   88
  240,20180414,  111,   77
  240,20180415,  128,   87
  240,20180416,  110,   76
  240,20180417,  133,   67
  240,20180418,  168,   63
  240,20180419,  200,   53
  240,20180420,  168,   67
  240,20180421,  151,   69
  240,20180422,  172,   63
  240,20180423,  122,   72
  240,20180424,  125,   80
  240,20180425,  110,   78
  240,20180426,  101,   73
  240,20180427,  105,   71
  240,20180428,  110,   85
  240,20180429,  100,   90
  240,20180430,   91,   89
  240,20180501,   82,   72
  240,20180502,  108,   70
  240,20180503,  100,   70
  240,20180504,  122,   61
  240,20180505,  148,   61
  240,20180506,  180,   53
  240,20180507,  190,   59
  240,20180508,  198,   55
  240,20180509,  164,   73
  240,20180510,  116,   82
  240,20180511,  131,   70
  240,20180512,  177,   60
  240,20180513,  127,   89
  240,20180514,  182,   74
  240,20180515,  191,   60
  240,20180516,  144,   78
  240,20180517,  104,   72
  240,20180518,  104,   72
  240,20180519,  110,   87
  240,20180520,  158,   72
  240,20180521,  192,   54
  240,20180522,  178,   66
  240,20180523,  189,   70
  240,20180524,  193,   65
  240,20180525,  200,   78
  240,20180526,  223,   65
  240,20180527,  211,   68
  240,20180528,  232,   64
  240,20180529,  222,   77
  240,20180530,  202,   82
  240,20180531,  198,   87
  240,20180601,  162,   92
  240,20180602,  162,   92
  240,20180603,  184,   82
  240,20180604,  177,   82
  240,20180605,  160,   76
  240,20180606,  196,   75
  240,20180607,  210,   75
  240,20180608,  178,   88
  240,20180609,  192,   78
  240,20180610,  180,   76
  240,20180611,  171,   74
  240,20180612,  150,   74
  240,20180613,  150,   67
  240,20180614,  159,   79
  240,20180615,  180,   73
  240,20180616,  169,   68
  240,20180617,  163,   71
  240,20180618,  166,   85
  240,20180619,  185,   79
  240,20180620,  183,   82
  240,20180621,  141,   68
  240,20180622,  127,   71
  240,20180623,  147,   74
  240,20180624,  146,   77
  240,20180625,  159,   80
  240,20180626,  160,   73
  240,20180627,  176,   75
  240,20180628,  211,   64
  240,20180629,  191,   70
  240,20180630,  214,   52
  240,20180701,  217,   36
  240,20180702,  205,   43
  240,20180703,  193,   63
  240,20180704,  191,   68
  240,20180705,  177,   76
  240,20180706,  195,   67
  240,20180707,  190,   63
  240,20180708,  189,   64
  240,20180709,  172,   77
  240,20180710,  164,   76
  240,20180711,  174,   77
  240,20180712,  180,   78
  240,20180713,  178,   74
  240,20180714,  186,   68
  240,20180715,  209,   59
  240,20180716,  230,   51
  240,20180717,  196,   69
  240,20180718,  192,   67
  240,20180719,  199,   66
  240,20180720,  201,   64
  240,20180721,  204,   67
  240,20180722,  200,   71
  240,20180723,  226,   66
  240,20180724,  243,   62
  240,20180725,  246,   63
  240,20180726,  275,   58
  240,20180727,  295,   38
  240,20180728,  205,   67
  240,20180729,  212,   56
  240,20180730,  233,   66
  240,20180731,  201,   74
  240,20180801,  201,   66
  240,20180802,  222,   62
  240,20180803,  241,   59
  240,20180804,  220,   73
  240,20180805,  206,   67
  240,20180806,  232,   59
  240,20180807,  262,   54
  240,20180808,  197,   76
  240,20180809,  176,   81
  240,20180810,  160,   76
  240,20180811,  159,   69
  240,20180812,  205,   60
  240,20180813,  191,   83
  240,20180814,  190,   77
  240,20180815,  197,   80
  240,20180816,  182,   80
  240,20180817,  178,   72
  240,20180818,  181,   78
  240,20180819,  194,   81
  240,20180820,  196,   81
  240,20180821,  202,   81
  240,20180822,  198,   82
  240,20180823,  184,   87
  240,20180824,  153,   72
  240,20180825,  129,   82
  240,20180826,  142,   74
  240,20180827,  176,   77
  240,20180828,  172,   79
  240,20180829,  155,   88
  240,20180830,  152,   71
  240,20180831,  142,   78
  240,20180901,  145,   74
  240,20180902,  165,   75
  240,20180903,  187,   84
  240,20180904,  205,   88
  240,20180905,  180,   92
  240,20180906,  164,   94
  240,20180907,  150,   73
  240,20180908,  149,   76
  240,20180909,  181,   76
  240,20180910,  173,   79
  240,20180911,  184,   84
  240,20180912,  147,   88
  240,20180913,  131,   78
  240,20180914,  144,   74
  240,20180915,  156,   75
  240,20180916,  156,   76
  240,20180917,  170,   73
  240,20180918,  186,   70
  240,20180919,  187,   76
  240,20180920,  190,   76
  240,20180921,  155,   68
  240,20180922,  129,   79
  240,20180923,  102,   90
  240,20180924,  107,   73
  240,20180925,  107,   77
  240,20180926,  131,   76
  240,20180927,  146,   75
  240,20180928,  125,   70
  240,20180929,   97,   75
  240,20180930,  111,   74
  240,20181001,   98,   79
  240,20181002,  122,   82
  240,20181003,  132,   72
  240,20181004,  144,   88
  240,20181005,  134,   84
  240,20181006,  136,   86
  240,20181007,  106,   78
  240,20181008,  112,   83
  240,20181009,  127,   81
  240,20181010,  155,   77
  240,20181011,  175,   75
  240,20181012,  180,   79
  240,20181013,  198,   73
  240,20181014,  181,   69
  240,20181015,  170,   76
  240,20181016,  161,   80
  240,20181017,  142,   86
  240,20181018,  127,   80
  240,20181019,   96,   81
  240,20181020,  107,   86
  240,20181021,  129,   78
  240,20181022,  118,   73
  240,20181023,  134,   78
  240,20181024,  141,   89
  240,20181025,  123,   86
  240,20181026,   98,   85
  240,20181027,   74,   81
  240,20181028,   53,   68
  240,20181029,   54,   82
  240,20181030,   62,   90
  240,20181031,   85,   81
  240,20181101,  103,   83
  240,20181102,   86,   79
  240,20181103,   54,   87
  240,20181104,   62,   88
  240,20181105,   79,   94
  240,20181106,  122,   81
  240,20181107,  108,   84
  240,20181108,   90,   85
  240,20181109,   92,   86
  240,20181110,  113,   92
  240,20181111,  109,   89
  240,20181112,  100,   94
  240,20181113,  102,   88
  240,20181114,   86,   90
  240,20181115,   73,   87
  240,20181116,   32,   95
  240,20181117,   45,   80
  240,20181118,   38,   73
  240,20181119,   54,   80
  240,20181120,   35,   76
  240,20181121,   36,   81
  240,20181122,   33,   85
  240,20181123,   34,   88
  240,20181124,   26,   94
  240,20181125,   38,   91
  240,20181126,   47,   86
  240,20181127,   32,   87
  240,20181128,   65,   94
  240,20181129,  103,   88
  240,20181130,   91,   86
  240,20181201,   74,   95
  240,20181202,  124,   92
  240,20181203,  112,   87
  240,20181204,   51,   85
  240,20181205,   60,   93
  240,20181206,  113,   95
  240,20181207,  103,   88
  240,20181208,   98,   79
  240,20181209,   81,   81
  240,20181210,   59,   78
  240,20181211,   45,   88
  240,20181212,   22,   86
  240,20181213,   16,   86
  240,20181214,   14,   84
  240,20181215,    4,   72
  240,20181216,   17,   97
  240,20181217,   53,   94
  240,20181218,   65,   88
  240,20181219,   71,   90
  240,20181220,   75,   91
  240,20181221,   95,   90
  240,20181222,   92,   88
  240,20181223,   67,   96
  240,20181224,   65,   83
  240,20181225,   58,   80
  240,20181226,   53,   88
  240,20181227,   26,   86
  240,20181228,   52,   93
  240,20181229,   87,   89
  240,20181230,   88,   91
  240,20181231,   90,   92
  240,20190101,   77,   76
  240,20190102,   56,   72
  240,20190103,   31,   89
  240,20190104,   54,   84
  240,20190105,   72,   85
  240,20190106,   62,   83
  240,20190107,   77,   89
  240,20190108,   72,   76
  240,20190109,   46,   75
  240,20190110,   35,   88
  240,20190111,   74,   94
  240,20190112,   79,   89
  240,20190113,   89,   88
  240,20190114,   48,   83
  240,20190115,   69,   87
  240,20190116,   64,   90
  240,20190117,   36,   85
  240,20190118,    2,   87
  240,20190119,   -8,   85
  240,20190120,  -18,   76
  240,20190121,  -11,   89
  240,20190122,  -12,   90
  240,20190123,   -5,   87
  240,20190124,  -11,   85
  240,20190125,   19,   96
  240,20190126,   75,   91
  240,20190127,   59,   89
  240,20190128,   41,   82
  240,20190129,   16,   82
  240,20190130,    8,   89
  240,20190131,   -6,   95
  240,20190201,    9,   95
  240,20190202,   23,   94
  240,20190203,   18,   86
  240,20190204,   20,   91
  240,20190205,   44,   95
  240,20190206,   52,   95
  240,20190207,   76,   82
  240,20190208,   79,   88
  240,20190209,   84,   75
  240,20190210,   61,   92
  240,20190211,   49,   82
  240,20190212,   58,   85
  240,20190213,   62,   85
  240,20190214,   51,   78
  240,20190215,   71,   65
  240,20190216,   64,   82
  240,20190217,   73,   75
  240,20190218,   79,   81
  240,20190219,   72,   87
  240,20190220,   76,   78
  240,20190221,   78,   92
  240,20190222,   89,   92
  240,20190223,   75,   79
  240,20190224,   70,   61
  240,20190225,   83,   57
  240,20190226,   92,   69
  240,20190227,   94,   70
  240,20190228,   75,   92
  240,20190301,   60,   88
  240,20190302,   83,   86
  240,20190303,  110,   89
  240,20190304,   84,   76
  240,20190305,   72,   76
  240,20190306,   94,   87
  240,20190307,   90,   81
  240,20190308,   77,   77
  240,20190309,   86,   77
  240,20190310,   56,   84
  240,20190311,   53,   75
  240,20190312,   66,   77
  240,20190313,   77,   77
  240,20190314,   81,   81
  240,20190315,   92,   81
  240,20190316,   97,   80
  240,20190317,   69,   77
  240,20190318,   53,   76
  240,20190319,   56,   83
  240,20190320,   96,   88
  240,20190321,   81,   93
  240,20190322,   88,   91
  240,20190323,   78,   84
  240,20190324,   57,   80
  240,20190325,   75,   74
  240,20190326,   73,   78
  240,20190327,   90,   79
  240,20190328,   81,   92
  240,20190329,   93,   78
  240,20190330,  106,   77
  240,20190331,   83,   70
  240,20190401,   81,   58
